     169.1351     110.6550
      74.6801     137.3539
     103.4364     162.4436
      83.2511     128.2722
     122.6318     147.0313
      96.5242     138.0010
     156.4377      86.5860
     131.6937     168.1613
      84.6904     145.9873
      85.8860     129.2828
     113.7065     132.4615
     124.5686      56.3220
     124.0005     109.2838
     185.5524     118.2911
      99.5865      82.2247
     124.1471     139.4348
      93.8707     167.5484
      99.9130     149.6500
      91.6237     155.0555
     196.4159     121.6438
     171.5538     121.2324
      75.7814     135.2059
      71.4739     137.9221
      76.7490     127.6379
      56.9206     141.2115
     179.2654     113.3068
     107.8854     121.9171
     115.7801     136.2334
     170.3087     115.9468
     128.9818      81.0875
      34.0730     189.6208
     110.9174     140.2627
     103.8269     127.9394
     191.0729     127.6087
     115.6242     175.5900
      63.0265     135.3642
     173.8515     116.2085
     112.4602     127.9659
     118.7336     127.4456
     182.6919     141.4665
     105.9050     108.6629
     169.2089     136.8593
     185.3615     115.4173
     170.3913     131.5426
      56.4203     141.6044
     188.5208     134.9762
      99.6389     104.9732
     113.8064     118.4619
     184.8332     140.1298
     188.7695     119.3525
      84.8117     121.8588
      94.8510      81.8526
     186.4307     136.7104
     102.8251     107.7334
     119.2148     110.8112
      77.2495     133.4178
     167.0185     136.1638
     213.8075     129.5992
     101.2218      75.8966
      96.2748     161.7185
     129.6853     116.6480
     122.1873     133.9518
      55.5110      89.8756
      32.2866     109.3382
     171.3827     121.3376
      84.7598     161.0311
      81.8761     124.5657
      41.7462     116.9893
     184.2388     110.8177
     188.3991     143.1784
      74.4301     109.3017
     182.8760     131.9492
     181.0765     130.1272
     155.4503     118.3533
     115.8325     147.8012
     174.0239     136.4795
      83.7319     127.1157
      92.2092     146.9636
     196.8183     128.3702
     183.2262     117.9857
      98.5003     162.7418
     176.3325     131.4103
      74.7177     225.0143
     100.3736     138.3499
     171.7746     125.1474
     171.6482     131.0939
      89.3347     166.6348
     185.5462     112.8067
     173.7099     118.8609
     122.4529     130.4768
      83.5024     131.6131
     193.1349     120.9033
     179.0196     123.0955
     178.0307     133.2984
     121.7957      71.5869
      94.6488     121.3985
     124.2379     123.9464
     181.4432     123.2716
     103.0353     116.6143
      50.2528     174.1809
      96.1647     138.7810
     131.7814     183.3976
      47.5910     125.6660
     140.2520     114.6575
     190.8883     128.5392
     101.2061     189.0183
     180.8153     118.1216
      75.2361      95.8145
      73.9381      66.0281
      76.7170     176.6338
     129.3858     106.0362
      85.6512     125.2454
      43.9659     147.3987
     111.9891     144.4987
     193.6361     128.9774
      97.5492     128.7234
      76.5122     138.9618
     124.2054     135.9183
     140.7283     129.6863
     168.5911     125.5341
     209.3248     131.9553
     172.6857     128.6796
      99.5626     114.8181
     185.1149     139.8404
     201.0218     125.4192
      89.5634     113.2952
     180.4369     129.1465
     172.8197     142.7199
     181.9166     147.8088
      63.8271     104.1747
     177.8690     139.4583
      81.0456     172.9022
     191.6412     136.5763
     101.3456     106.2773
     189.7807     131.0710
     190.7609     154.2161
     172.0504     114.8764
      96.5050      91.3915
      90.6865     133.8759
     109.6312     103.5286
     122.9516     193.2734
     171.4050     118.8336
     100.0231     177.5133
      80.0200     189.4195
      58.4774     151.5066
     113.5830     130.1031
     194.9218     139.0686
     185.0958     134.6552
      70.3715     107.1060
     182.3742     143.6379
      70.3637     133.2113
      79.7552     122.9352
     118.7902     164.0844
     187.4492     127.6063
     128.8957     133.6332
      43.1865     198.1581
     124.6166      98.1825
     176.8368     131.3159
      65.4728      79.9845
     107.9508     151.1190
      84.6150     105.6860
     142.2494     132.5738
     178.8049     125.4828
     129.3661     111.1802
     198.9292     119.2657
      72.5685     150.3076
      49.5688     128.7663
      68.9935     106.7200
      83.5039     127.7698
      92.5082     179.6205
     173.7046     137.9127
     187.9531     124.3829
     175.4445     126.2825
      96.7681      85.8609
     115.1369     202.4454
     122.2934     132.4777
     192.6605     144.1854
     129.4368     108.6450
      90.8346     116.2517
     110.9032     137.2071
      73.9922     131.3850
     182.7230     133.7380
     187.2399     145.8842
     170.9852     144.6767
     143.2134     168.4041
     119.2861     109.1961
      69.2544      93.0526
     185.0184     134.9734
     104.0179     138.9632
     178.4960     128.9587
     123.3221     119.3678
     102.5056      89.9475
      79.0056      95.4394
      90.4903     121.4118
     130.5707     123.9808
      29.7325     113.8874
     180.3443     126.4096
     146.1521     102.0468
     160.3553     134.0007
     188.5462     121.6711
     188.5915     139.5364
     195.0323     130.6892
     176.4069     124.2628
     100.9093     143.4906
      90.1287     126.7644
      87.5515     133.8463
     104.0162     143.6010
      45.8492      80.1855
      79.6787     145.7125
      36.0228     122.1621
     159.8424     128.1576
     189.9805     108.7597
      77.7655     147.7428
     102.1015     121.3993
      81.8966      84.9335
      89.3583     102.8212
     162.1673     133.1225
      95.2673     137.0365
      95.7350     134.0005
      50.4458     166.9695
      72.8335     191.7665
     119.5334      83.3372
     165.3277     146.4256
     190.3491     119.8240
     170.6191     123.3913
      86.8742      97.1471
     178.2850     143.7269
      62.4325     149.9186
      52.8722     153.2489
     182.2755     132.7561
     158.2460     142.9783
     170.2524     138.4883
      98.4997     122.0336
     105.8910     136.9189
     157.1368     105.7615
     171.7754     129.7733
     117.7709     176.7144
      90.6902     121.2170
     108.3436     110.8642
      46.2150     137.9128
     178.2429     120.8623
     103.1734     149.6030
      81.1113     153.4505
     138.7978      95.0527
     196.9247     141.8652
     120.8038     111.1299
      65.1944     148.4859
     181.0886     116.9999
     104.0819      88.0951
      64.3959     160.7437
     189.6501     119.5600
      48.4370     124.4996
     133.7536     155.0127
     113.3554     124.4141
     155.5444     115.0618
      75.6994     118.5956
      92.3939     147.4471
      59.9548     124.8754
     114.5354     156.9647
     101.7068     149.4394
     142.3425     138.7924
     110.6455     144.4696
     169.6774     130.5527
     140.0618     131.3057
      52.6250     129.6444
     126.8983     143.2072
     103.7121     125.0684
     130.8506     152.3168
      96.4200     153.6030
     175.1741     127.4217
     187.7800     149.5839
     107.1017     124.1453
      79.5735      71.0015
      74.2502     115.1201
      69.3681     109.6831
     101.0503     128.3989
     189.1207     141.2838
      92.0517     172.5148
     183.7224     121.9878
     189.1249     123.0026
     158.5759     121.9128
     202.7529     120.3743
     182.2731     141.0385
      74.0527      72.1903
      55.4034     184.0351
     127.4983     140.8337
     129.4214     166.6197
      60.6187     107.3976
     118.7438     106.9760
      93.5142     103.4167
     185.9982     125.6411
     186.4206     138.1799
      73.0764     168.7056
      83.3367     134.2582
     178.9543     123.6818
      47.2956     129.1530
      83.6665     132.8255
      57.5436      82.8087
     114.2185     132.2955
     -13.3990     125.4169
     137.5594     114.0225
      60.1528     125.0094
      90.8313     200.4254
     176.2784     141.0907
      41.2549     127.9004
      75.8418     121.9130
      90.5971     166.1627
     178.5843     113.0754
      46.7976     121.6086
     173.3400     130.4342
      53.4074     108.2247
     182.6802     139.4779
     188.8701     136.9349
      75.8213     128.5786
      65.5002     120.6798
     107.5881     115.0954
      99.8936     145.7975
     201.0962     138.6184
      94.9377      90.0353
     127.2963     126.9177
     100.5732      76.6133
     100.8680     136.3630
     174.9954     141.4655
      85.2970     155.8900
     185.1773     130.1334
     178.7343     142.2115
     190.4645     125.6240
     136.3651     129.7631
     152.3022      57.2491
     186.9078     138.9039
      61.6774     152.4550
     125.1447     114.9406
     183.9121     117.9497
     132.0357     118.4380
      62.3058     125.3037
     188.2455     128.4711
     107.6173     117.6454
      82.0530     134.3538
     173.6229     147.2191
     180.8919     120.5083
     107.0158     186.6574
     129.5504     147.9997
      98.4060     190.6446
     111.4115     146.3586
     107.4346     125.7338
     137.7246     128.4131
     202.6544     114.7294
     195.4871     137.8560
     169.4023     131.4576
      69.7669      75.7573
     138.9177     111.8456
     180.5105     141.5520
     105.0396      71.2289
      49.7805      85.0695
     189.5998     114.4249
     134.2582      86.5841
     165.5400     118.3229
     118.4972     163.0683
      67.5139     120.8157
      63.4581     183.7295
     130.3447     127.6735
     171.0414     137.1133
     184.5388     119.2181
     197.6336     116.0746
     107.0600     104.7167
     152.4069      68.2292
      49.8645     122.2908
      76.7500     153.6840
      86.6291      70.8767
     102.2079     140.0408
     122.8297     174.3612
     185.6199     132.4345
      77.7788     187.0508
      89.5524     149.0415
     138.8740      87.3933
      38.4835     120.1088
     134.7538     156.1098
      63.4993     139.0646
     133.8737      43.7475
     179.1541     140.3873
     173.4881     127.8234
     103.3357     127.1184
     123.4526     149.3404
      71.1458     125.5549
     173.9832     133.0096
     169.1135     126.1058
     175.7225     135.4227
      67.0175     112.7493
     115.1317     111.8514
      96.1799     102.7714
      36.0299     131.4884
     115.7247     179.4373
     120.2839     134.7772
     112.4680     129.4802
      93.7290     115.5436
     187.7217     126.3438
     190.3908     140.1801
     150.0219     117.0613
     114.9029     169.8828
     121.0148     144.7907
     165.7418     129.9690
     105.1436     146.4333
     102.3169     128.1079
     199.9640     128.7729
     179.0155     131.9880
     119.9068     110.4654
      77.1964     139.0162
     168.3897     146.5214
      75.7631     112.5972
     191.6683     118.4696
     107.8764     189.8822
     158.0389     138.4051
      88.6972     128.0453
     181.2471     122.6703
     148.4233     136.9839
     104.3322     110.6257
     100.4068     158.6847
     176.2909     127.5955
      99.6911     159.2980
     136.7558     130.5579
     115.7227     115.0574
     109.2168      81.7820
      55.9513     115.4828
     155.6169     100.2256
      99.8358      60.8969
      94.7184     119.5598
     179.4577     134.6958
      65.9646     139.1031
     127.8837     143.3899
     106.8920     104.1423
     139.5820     180.9046
     176.7611     115.7111
      78.1863     115.5640
      95.3362      98.7413
     122.5270     127.2885
      92.9332     110.3886
     104.8664     156.1101
     108.0413     130.5536
      77.3267      97.4506
     114.5171     106.9047
      71.7815     120.1147
     170.3728     151.5597
      70.1654     128.1114
     175.4311     156.6541
     172.0566     123.9704
     123.2015     130.6177
     191.4763     130.9678
      85.3906     135.7432
     111.9989     109.9865
     117.6297     128.4606
     110.4436     143.3811
      18.4655     106.3483
     154.5918     127.7297
     155.1673     105.8153
     123.2829     152.9613
     104.4752     175.9813
     142.2182     138.2677
     114.9063     129.6549
     169.7033     125.5107
      96.6997     109.3174
     170.7361     133.2721
     129.2251     131.8281
     152.0612     128.5690
     190.4076     107.8521
     115.5686     137.8393
     110.6784     135.9201
      92.0681     188.3006
     170.0359     144.3653
     106.3947     130.1043
     173.6834     122.4240
     106.0303     140.1161
     121.8801     137.1305
     176.4408     134.2505
     193.1819     146.7851
     111.7320     144.4449
      92.0630     183.2041
     136.1903     143.4923
      49.7753     127.7154
      63.5782     109.9339
     136.2777     152.9774
     110.1673      81.4132
     116.9863      87.9795
     117.1247     141.0941
      94.1777     110.9646
      83.0629     136.2291
     140.5444     167.5645
     101.1842     120.8969
      95.9226     111.1454
     191.1833     122.7377
     107.2265     152.6891
     133.8037      78.5523
     124.3839     130.1328
     129.9703     199.7782
     190.2169     123.5461
     100.0701     120.8683
     126.2336     146.2711
     136.4624      86.0470
     168.4873     142.1816
     194.5635     124.3073
      97.8125     150.9304
      86.8036     116.8315
     119.8237     142.4111
     131.4240     133.2592
     186.8200     118.5164
      90.8181     158.3980
     199.2135     131.2868
      87.1606     130.0304
     123.7721     105.7369
     114.3718     163.2567
      89.5423     115.1100
     126.7703      67.0668
     104.4469     121.8306
     132.6322     191.0561
     173.6708     151.0893
      87.3439     121.0614
      71.7466     168.0950
     201.3507     134.1525
     182.0656     141.1936
     180.8550     112.9118
     143.6769     151.9056
     171.8545     139.9432
      79.7801     161.9456
      75.5665     116.3975
     186.4993     131.1776
     157.3171     126.4672
     170.8585     118.5130
     105.8867     130.0631
     114.9982     130.2022
     118.7957      54.6937
      84.3899     108.3982
     103.0395     164.9345
     183.9669     128.6990
      90.4785     154.5559
     187.7385     132.1326
      99.8346     152.2615
      88.9215     130.7181
     131.5567     137.8996
      74.6626      84.3562
     107.5723     131.2510
      85.2328     123.0442
      73.2644     119.9970
     148.4136     108.6419
     179.2220     143.5249
      95.3710      89.1381
      82.7089     118.9909
     120.3221     107.3046
     186.4028     135.8658
      88.9870     151.0724
     174.9269     125.0351
     126.1171     122.9821
     202.0754     119.3154
     110.0807     146.6490
     127.4314     126.9713
     185.6296     119.9540
     135.0683     119.9975
      99.3878     124.6633
      68.9472     143.7289
     189.8048     137.2631
     109.5289     141.0306
     122.2613     166.8564
     184.8520     123.9140
      42.6868      78.3690
      49.7807     125.4710
     167.2822     115.9697
      53.6885     106.7052
     125.2382     112.5266
     132.5256     142.9311
     109.0920      88.2624
      94.1039     156.7683
      90.1384     133.2427
     164.3112      74.7658
     115.2603     114.4839
     172.8438     111.1418
      76.4907     128.5177
     151.7973     182.8057
      97.1365     143.0785
      88.4359      89.5704
      33.8745      93.5600
     188.6548     135.1730
     169.8109     141.4865
      77.4436      67.7795
     168.4092     124.8445
     140.7926     130.4133
     101.1605      27.3039
     182.5769     121.7067
     207.6978     140.9204
     119.1570      87.1313
     125.6218      89.3464
     164.5070     104.2331
      69.5709     129.1634
     179.1817     131.5720
     169.5574     129.9464
     116.2968     115.1123
     182.9932     158.0568
     138.4593     162.3136
     174.2605     118.6537
     179.8527     137.0925
     146.3511     133.4827
      72.2769      75.9545
     140.8059     157.3695
     186.4193     126.3485
      77.5150     155.8284
      70.4200      80.9157
     172.8899     130.6570
     148.2650      69.8230
     124.8552     112.2357
     103.8998      98.3010
      91.9295      89.3368
      46.0589     142.1500
      87.6982     106.4786
      53.8671     133.9068
     127.9870     142.7484
      98.7234      93.0292
     187.1890     140.9161
      79.3397     123.4708
     190.9278     120.9559
      97.4877     110.6826
      54.8978     172.4625
     123.4370      80.7932
      37.2073     118.6207
     100.4629     130.4946
     194.1552     130.4288
      86.1445     184.3379
     186.7998     116.8552
      82.0368      97.8530
     129.3781      81.7415
      73.9594     107.6439
     119.8212     126.7537
     181.1336     127.5755
      45.6691     145.5966
     105.6549      97.0022
     195.1959     125.8182
     179.4296     122.0050
      96.8218     124.9908
     149.3983     112.1867
     127.7493     137.9673
     114.8042     161.1696
     100.9269     165.8872
     193.5725     127.4515
     128.2902     124.9447
     189.4624     118.3417
      98.0617     120.3483
     113.1117     148.1584
     185.3857     145.4944
     106.1470     148.0876
     113.1742     170.0223
     188.6121     132.5740
     174.3525     128.6316
      87.8221     167.6651
     129.7254      80.5589
      68.6026     137.4263
      52.0313     177.3252
     158.6158     132.1003
      85.4188     163.1566
     124.7882     130.8163
      87.5543     136.7912
     177.0759     126.6007
     138.8561     124.8123
     112.2736     159.9661
     168.0634     125.3673
     190.4537     147.4511
     109.9428     135.0872
      55.6480     143.8128
     185.6314     142.5436
      86.0458     124.9878
     116.4768     152.7421
      84.7000      94.2875
     139.3282     180.5187
     167.6143     126.0235
     177.3147     131.8772
      60.2411     138.3180
      72.8912     175.3553
     118.1941      94.7545
     182.7778     134.8442
      94.8771     163.9891
      75.8808     168.3230
     124.3071     160.8971
      98.7708     153.2203
      84.7708     110.4506
     185.9969     132.9421
      71.7160     126.6240
      73.2869     148.2217
     167.7483     136.0833
      93.2617     127.7748
     140.9018     130.3406
     116.7341     134.7985
     136.2240     156.7662
      99.5982      75.3340
     103.5992     100.2993
      99.0984     138.7166
     113.4777     104.3992
     167.1245     126.6398
     127.1826      85.0459
     155.4851     129.9480
     105.2727     158.1044
     107.6742     121.5870
     157.4004      99.6678
     181.9501     146.0953
     175.4267     134.8032
     101.6647     165.1784
      62.9457     142.8385
     184.4993     133.4664
     102.6053     138.8097
     116.6420     183.8171
      80.1816     163.5009
      92.0605     131.6181
     124.8042     158.9697
     129.1844      97.0330
     169.5598     124.1062
     103.8383     116.9645
     176.1312     109.6405
      96.2938     100.4703
     141.7698     119.4203
     194.9959     121.7286
      59.4430      99.6298
     170.1218     128.4141
      63.6362      59.8017
     115.7695     142.1419
     163.0000     125.5159
     110.1080     139.0761
     124.1504     112.5090
     185.7748     126.2656
      79.9344     209.8694
      98.1999     140.2638
     108.3936     104.1764
     179.0788     118.9414
     134.3651     104.4486
      82.6457     119.2048
      68.7365     136.9196
     108.7475     157.9324
      79.2136     154.5895
      83.2683     135.9447
     190.9712     124.7492
     123.9175     120.1326
      56.2875     105.9368
      99.0276      73.9760
     178.5128     120.0378
     145.0954     131.0100
     130.5973     142.7782
      68.7236     140.0528
      96.5391     141.2564
     142.3701     174.7828
     178.2373     152.1674
      52.7583     104.1359
     103.9882      94.3156
     190.6322     129.7291
     110.7197     113.8639
     152.6254     108.2703
     109.7381     177.9023
      55.1161     105.5599
     132.6756     170.2772
     173.1632     143.6645
     111.6947      82.3503
     170.5224     134.3061
      50.4430      98.0954
      62.8616     133.4690
      70.7245     140.6027
     176.5421     130.3806
     113.2703     162.7668
     121.6693     194.4687
     182.1039     111.1620
      86.3967      81.9690
      95.8626     183.3338
      92.1119      97.4455
     126.5256      83.9089
      90.3485      91.4085
     194.7985     119.2944
     177.9281     138.0217
     129.4345     119.8312
     123.0224     134.5846
      85.0509     139.4576
     125.4427     151.0219
      82.1113     123.5519
      88.1086     127.5382
     194.9149     135.2833
      97.8676     127.0619
     165.1302     124.7527
     184.8506     126.4648
      97.2692     111.3022
      46.9451      98.3421
     123.0092     132.9754
     188.4978     124.5052
     185.1088     135.1267
     111.1999     143.7432
      73.8490     122.5145
     135.1359     159.0945
      89.4912     149.9655
     145.0159     172.6788
      72.5479     131.6601
     178.1831     141.2671
     103.0638     118.0966
      91.7232      88.6129
      41.2660     159.7893
      70.7660      80.2895
      95.9002     123.2385
     108.8422     132.8854
     112.0558      91.0996
     174.0102     119.8504
     185.9236     117.6262
     172.8222     111.1600
     100.5521     125.5573
     195.4398     139.4782
     103.8605     101.1880
     101.6634     112.5352
     147.9761     163.9243
      82.5573     117.4606
      66.3061     100.8433
     148.0832     118.6659
      97.8363     135.0634
      62.7735     119.6722
     177.4559     142.3636
      75.4013     117.9853
     169.7459     126.1993
      61.3727      33.1913
     162.7950     122.4064
      99.1708     108.3129
     162.9048     155.7537
      86.4545     122.6613
     168.7149     118.1051
     155.8830     187.2852
      65.0872     155.0762
      79.0242     158.5441
     150.4095     139.3686
     128.2484      94.6095
      78.6262     127.5406
     181.1267     151.1403
     139.3904      84.1149
      84.0148     141.2122
     176.5972     141.5946
     102.6196     166.6059
      96.7312     151.2860
     100.3313     144.6178
      44.9507     170.1518
     134.4651     149.8891
     106.0859     182.8477
     168.0113     126.1669
     104.6221      96.3802
     191.9113     129.0142
      73.8362     158.8629
     164.4910     142.8357
     187.8209     133.9795
     120.8010     156.2000
     178.1683     135.1483
     131.1862     167.4767
     107.7268     111.3731
      88.7706     125.7737
     131.6914     164.1331
      79.5867      92.1446
      63.4094     117.1341
      96.1272     103.4122
     194.5476     137.2973
     175.0241     124.5685
      77.0759     109.5481
     105.0925     115.7727
      81.6479      95.3261
      55.1029     103.7693
     151.1186     128.4216
     128.4499     155.0863
     109.5452     133.5034
     176.5695     122.3047
      72.2988     104.8129
      92.6479     142.8698
     180.6559     135.4437
     108.5013     159.1718
     100.8120     165.1673
     100.0638      61.0901
      49.0358     163.3296
      97.3863     131.0752
     202.6046     119.2032
      35.4026     111.4385
      71.4721     138.1566
     118.0114     152.7063
      48.0430     120.5643
      77.0833     151.9044
     112.9913     170.2428
     146.2614     150.2447
      79.1976     129.9927
      71.0049     149.7160
     179.3129     149.4500
     179.4189     120.7365
      72.9739     140.2879
     110.6276     111.2749
     199.4127     127.8472
      65.8862     164.7955
      98.2656     128.3620
     133.3715     152.6198
     119.5254     148.5529
      95.1697      77.8942
      63.5936     118.6199
     175.6651     121.7223
     181.1381     121.2713
     175.5254     143.5965
     182.2857     121.4593
      86.8375     163.6206
     117.3997     130.3433
     122.7719     144.5841
     103.9077      75.7276
      73.0552     136.2872
      78.0947     180.6539
     180.8478     135.4293
     131.7190     143.2059
      79.0504     146.3783
      35.2078     161.2110
      72.4696     113.4376
     174.7776     133.1439
     163.4974     116.0475
      91.0219     127.2484
      33.4281     150.9533
      97.1785     136.9641
      87.6980      78.1665
     183.2766     138.9320
     104.3037     129.2734
     175.3040     144.7568
     119.2645     193.5467
      66.0461     191.1134
     184.5434     117.3523
     111.4086     173.5706
      84.8532      99.7228
     100.9447     153.4662
     106.3662      81.3500
      90.9117     167.2352
      86.4427     143.3467
     186.6885     111.2836
      81.1300     111.0170
     176.7100     125.3528
     156.8655     167.3842
      76.0961     142.8157
     162.9108     132.4930
      82.8957     140.7291
     119.8589     144.9125
      56.4635     129.6483
      89.3775     110.0592
     104.2654     116.1721
     189.5836     123.0383
     104.7393     120.4900
     166.0818     122.2176
     109.8434     119.7528
     118.6946     119.0277
     157.7093     201.7303
      74.4756     141.7450
     139.5671     123.4610
     191.8217     129.7796
      95.8912     140.0216
     115.6565     106.6939
     169.7553     109.9577
      50.3216     178.7719
     192.3613     132.1193
      82.6405     149.5446
      81.1254     162.1621
     186.9260     145.0782
     182.8743     114.9526
      99.3778     109.5566
     110.2340     157.2322
      44.1414     125.6124
     178.8963     138.4509
     129.7363     145.9809
     181.2743     126.3690
     170.9489     119.7820
     105.6545     141.9432
      83.2940      84.7935
      88.5110     132.5685
      96.9313     158.1417
      67.2044     184.1580
      54.8734     163.8214
      80.1866     131.8773
     120.4645     161.5525
     103.1104     125.9869
     162.5010     134.9668
     167.7704     133.9083
     117.8189     184.7415
     200.9708     139.6497
      73.7950      83.6535
      99.2779     100.5561
     186.6688     110.9421
     178.4004     132.9489
     146.9829     143.8401
     129.3076     113.5976
      85.6677      76.3620
      92.6293     134.1899
      88.6863     181.8036
     109.0812     119.6784
     123.8549      90.6406
     155.5898     157.9103
      97.4635     113.4639
     116.8970     184.3883
     109.5888     131.3285
     161.3738     145.7202
      83.4500     134.0595
     178.1824     127.9969
      41.7326      87.1375
     187.1990     142.3049
      76.1419     147.9361
     140.2988      97.2280
      50.7580     149.9968
     183.4317     112.4411
     130.4265     142.7809
     134.4249     132.6626
     114.0757      75.1318
     105.2556     153.5106
     104.7430     122.6567