     125.1311     158.2456
     186.6440     130.9505
     112.4843     140.1598
     122.7668      93.5934
     103.2301     187.1406
     107.9743     138.2911
     140.0622     132.3715
     178.2928     117.2287
      70.4657     140.0718
      85.5732     161.6779
     168.8345     127.0068
     128.9548      98.9143
     117.0129     147.0976
     111.3520     120.8633
      82.6748      93.5652
     105.6224     156.0357
     158.3513     130.8108
     145.0689     151.4568
     173.1711     137.6166
      73.1183     128.6664
      32.6515     159.1847
     170.8339     131.7058
     119.2237     118.2069
     109.9684     146.0599
     102.5167     168.7585
      51.1951     138.4499
     175.4421     136.6626
     128.1739     170.7570
      94.4264      66.1766
      85.3177     121.5435
      99.9071     125.9960
     176.5052     115.8802
      88.4972     121.3883
     106.1763     112.2683
     124.9955     161.7485
     129.3175     108.8792
     147.9167     110.1897
      76.4112     102.5061
      92.6276     134.8645
     131.1056     104.4153
     118.1300     185.7250
     171.8625     129.8563
     166.3678     135.7447
      49.4593     136.7682
     176.9495     119.9460
     164.2186     115.4479
     173.9037     132.6992
     174.2901     133.5175
     113.4581     182.9514
      87.3505     186.7565
     100.8046     115.9648
     175.9138     116.8796
     105.1291      59.8987
      66.7569      51.8552
     157.6903     135.6944
      90.2754      92.6691
     163.9495     120.8435
     177.9271     126.7830
     112.6783     153.6932
     107.0785     140.5849
     157.2653     144.3768
      57.6292     105.9194
     159.8425     123.4831
      54.5368     143.3746
      98.3058     159.3587
      49.6656     171.4715
     153.8749     139.4836
      77.4969     134.2359
     111.1974     134.5444
     127.3482     150.4698
     150.6920     167.1478
      85.6157     147.7969
      94.9622     114.6273
     103.0519     107.9451
     132.8919     118.3701
     168.4255     136.1692
     107.5399     114.1359
      94.7526     124.4637
      88.7900     129.5437
      72.8983     154.7101
     173.2381     139.1816
     126.5969     125.6588
     144.7155      83.4602
     149.8894     178.2438
     103.0291     119.1813
     109.4094     110.9287
     183.5990     119.6346
     100.6088     167.9692
     175.3871     127.4917
     159.8242     130.1738
      71.5341     146.4532
     111.5406     134.5695
     143.0381     132.8271
     108.4183     163.2781
     158.0625     122.9597
      78.4775      95.9942
     109.7814     133.1116
     124.9061     104.0315
     122.7382      79.5810
     170.2870     130.2922
      82.1197     100.6961
     103.0319     136.1040
      67.6327     131.5703
     176.8427     132.0034
     172.5027     129.5630
      92.2028     165.0843
     103.8090     145.3960
     134.3429     171.0979
      72.2425     162.0870
      99.1635     126.5614
     157.1804     111.6391
     106.2769     142.8975
      91.4197     106.5708
      47.2892     104.1574
     106.4996     131.2678
     108.8577     107.4007
     107.4605     118.6872
      37.1401      71.1959
      88.2405      94.5358
      91.9073     128.9140
     172.3507     126.1098
     106.3849     126.6168
      79.1236     132.7465
      98.4788     147.9817
     136.4662     165.8944
      83.8085     171.4508
      92.7242     139.6193
      56.5980     163.5865
     105.9440     130.7599
      81.4617     170.8336
      96.5402     125.9721
     168.0992     125.1965
      48.2602     108.0439
     122.2506     109.3391
     119.2801     127.9681
     160.4823     129.1974
      97.5719     127.8100
     141.1446     157.9336
      86.9365     142.1734
     151.3032     121.6771
     116.3036     148.6490
      94.7367     160.2104
     144.8547      80.4828
      89.7739     107.0764
     104.0375     135.1030
     116.7468     116.1418
      60.4866     172.2060
     124.2448     141.4593
     169.0923     118.6390
     107.0012     113.2130
      89.9708     137.9579
     176.0841     124.2282
     161.9680     135.0468
     103.5807      93.1099
      84.3988     130.3437
      75.5456     120.9465
      59.5132     157.2573
      82.8473     150.3285
      91.4740     182.6950
     164.2313     136.9206
      95.0352     121.6642
     140.7106     182.6010
      92.7377     178.2374
     120.0919     145.3626
     118.6041     157.4321
      71.1001     142.0207
     118.8913     153.7607
     168.9639     140.0885
     154.9343     122.6268
      89.3749      74.7310
     107.9447     118.5498
     133.0000     156.0400
     168.6053     125.0046
      47.5896      98.4930
      87.0320     125.1730
     136.2523     161.4985
     162.5284     121.4924
     102.9198     214.8682
     154.9876     125.0308
     172.9128     133.7196
     170.7734     132.2065
     179.6426     127.4326
     167.0093     126.9554
     124.7842     127.2053
     102.9170     136.5223
     121.8915     189.8769
      76.9516      93.6933
     171.9889     146.2228
      66.8900     107.5515
      99.7305     136.6755
     109.3639      69.9188
      81.5271     115.1242
     172.5903     129.4171
      74.4761     113.9560
     181.6543     122.5125
     102.2665     118.0281
     116.6291     164.4270
     111.7932      80.4863
     166.1119     130.2628
      90.9485     126.3338
     148.3733     132.6540
     101.5666      80.2895
      77.0133     100.1785
      94.9746     185.4992
     113.2363     103.5307
     133.8798     149.9919
     185.1532     130.9912
      91.4051     122.6292
     107.4766     155.7543
     164.5035     129.4559
     142.6774     115.9784
      98.4734     128.6818
     111.5107     111.1414
     174.2829     142.1239
     177.9614     122.3756
     186.3864     128.7520
     175.4056     142.8179
     170.7030     121.3870
      86.8618      95.9787
      52.9113     101.6637
     110.5135     113.2410
     108.9255     128.0322
     100.6554     176.6471
     172.3104     123.2365
     141.8526     144.0955
     108.0299     183.0877
      82.3051     132.0579
     135.1479     129.1322
     141.8759     108.1840
     168.2886     149.2137
     132.6372     147.8026
     136.8084     139.2263
      54.1761     111.6712
     115.0856     206.2299
      99.0708     148.6898
     161.3432     139.3191
     128.1682     139.4527
     164.3004     138.4743
      88.4021      71.2917
     147.5300     122.3147
      99.9127      80.6740
     105.5745      87.1441
      79.8848     138.1048
     120.3715     173.8323
     165.8950     126.9799
      64.3455     179.6138
     105.0911     166.4117
      79.6064     121.1063
     108.5321      75.9911
     112.2197     110.9105
      93.2735     136.2214
     172.7322     137.3219
      82.8878     135.2236
      60.7869     112.7028
      68.8728     118.9143
     107.5670     149.9636
     167.9180     131.8264
     110.4278      86.6824
     173.3361     122.2123
      54.5876      91.1479
     134.8915     139.5549
     139.8159     120.5826
     185.3685     130.0412
      87.6056     161.7116
     125.2912      99.0184
     174.0020     131.4098
     162.0527     147.5798
      61.5371     149.9303
     167.4517     118.9960
      77.3649     130.6184
     113.4579      64.3340
     175.5910     140.2484
     135.1040      68.4872
     165.3182     123.7256
      96.2344     124.0139
      49.8763     136.6730
      53.5930     154.8612
      97.1981     148.2769
      98.4672     118.1170
     140.4908     128.1131
     175.9433     123.8432
      96.9714     136.0776
     115.4909     152.3834
      32.3181     192.9632
     178.0322     114.8569
      68.5616     147.0377
      88.6509     124.6138
      96.0139     144.1462
     169.6069     128.1838
     176.8153     137.6713
      78.8713      64.2562
      99.7996     160.6407
     173.8769     133.4740
     131.1149     124.3871
     168.8188     143.0494
     169.7073     131.1066
     169.3878     138.6307
     130.9425      81.7932
      96.2890      91.1965
     158.2955     147.7622
     179.1109     129.4958
     173.7482     131.4652
     178.3256     122.7808
     171.3794     136.7504
      55.7749     129.6886
      66.7278     120.6584
     139.4473     157.6359
     159.6256     135.1083
      53.0820     123.1719
      87.8187     169.3510
     117.7390     122.6609
     113.1898     160.0395
     174.2789     108.2257
     176.1182     140.8806
     134.7740     110.8443
     101.5562     172.6549
     161.9375     113.0754
     175.4780     125.8875
     109.6837     159.0000
      81.3229     102.7265
     140.8379     200.8690
     110.4239     130.4872
      65.7875     151.8289
     174.8139     120.2649
     153.7690     139.0821
      77.5863     144.7634
     164.9927     122.6455
      98.0117      87.3639
     163.5521     123.8444
     151.4798     125.8774
      40.1587     131.1472
     169.0609     123.6351
     150.3281      89.6284
      76.6018     149.6054
      99.5430     147.0011
      78.9349     132.0302
     118.5454     168.2145
     181.5452     120.7517
     151.9815     140.2452
     122.3726     119.0783
     152.3390     140.1482
     172.5162     128.8666
     111.3374     175.0286
     108.8076     134.9654
     116.8825      72.5343
     155.1283     142.0124
     159.2824     139.3442
      65.9616      92.8788
      68.9556     111.9070
     112.3900     122.8499
     162.8488     135.6326
      53.4064     165.3167
     175.8882     137.4713
     114.1042     126.4600
     167.7262     139.4046
      95.7448     188.3281
     161.2788     132.7867
      83.4190      78.8754
     111.3091     116.3787
     129.9264     148.4724
     170.1256     104.6051
     102.8626     150.3784
     176.7522     179.2246
      82.7794     109.2228
     166.4587     132.2931
      76.4652     133.2012
     141.4852     114.7984
      97.9368     103.5058
     131.2635     113.4619
     169.1523     119.6027
     138.6447     126.0866
     158.9230     120.8936
     163.8008     138.4749
     168.8022     132.7833
     125.8710     158.0745
     164.0953     133.7990
     144.7216      87.6302
     137.8734     153.3826
     144.6181     147.2966
      95.7600     105.6916
     127.9478     173.7071
      90.9042     105.6349
     148.0423     170.7922
     117.4683     162.9577
     168.9921     116.3762
      99.9255      91.7674
      48.4287     135.8770
     169.6018     123.7255
     178.9750     124.6649
     104.0987     145.5456
     188.6385     130.6616
     101.0861     152.8782
     108.0605     168.1628
      85.1152     123.3909
     145.7008     120.6820
      78.8314      91.8505
     176.4374     120.6723
     127.6393     116.0750
      67.1543     101.4929
     131.1000     118.2732
     175.2461     127.4452
     103.7147      66.0610
     161.6906     139.1661
     162.7454     128.6478
     103.5803     152.0228
      73.8354      92.1237
     183.4891     147.2192
      91.3453     102.6142
      85.9568      88.3072
     150.0213     160.3711
      96.0591      97.5505
     174.5784     119.6586
      80.4878     130.0890
      73.9250     148.0260
     101.8759     131.1488
     154.7830     133.5505
     114.3951     124.1379
     112.9176     182.7040
      54.4495     160.9215
     126.1768     116.4231
     172.5688     140.2985
     125.4950     103.0450
     180.3530     144.6619
     126.6295     124.7989
     114.1526     134.9453
     174.6226     139.2863
     133.9067      78.5183
     111.1376      60.7929
     163.3724     118.8774
     182.7327     124.8011
     134.5577      76.9843
     131.3480      68.6703
      51.7572     129.5435
      45.6676     144.0858
      91.9982     111.8161
      89.4258     119.3778
      96.1914      64.3231
     103.1379     154.5507
     156.9437     126.4994
      88.2457      38.4238
     112.7556      92.2061
      45.5967     187.4013
     161.3119     135.8906
     129.4899     161.3613
     108.1957     169.5444
      67.4323     155.4732
      79.4968     114.5603
     112.3370     113.8815
     102.3365     120.2770
     122.8294     138.9603
     167.5354     128.9405
     170.8390     129.8068
      92.2901     141.8894
      58.0875     119.7386
      74.1039     155.6335
     168.8746     138.6660
     113.1118     136.5711
     173.5819     126.1279
      82.1158     126.5142
      96.8335     122.2835
     101.3180     118.5573
      80.7678     119.2255
     171.1258     121.8361
     178.1904     133.6386
     120.4730     140.1519
     175.7793     144.5774
      84.0470     113.5022
      52.2869     146.1368
     183.3912     138.6253
      94.0574     193.5574
      80.7007     155.3161
     121.9044      77.0751
     106.3216     118.4795
     104.6113     164.3272
     151.8782     129.8532
      87.3503     150.2440
      63.2509     125.8533
     154.8800     120.0686
      67.1901     132.2063
     162.5963     122.7064
      90.4970     179.2842
     168.7324     135.0874
     178.8215     139.9667
     145.0711     137.9193
     175.4824     129.4916
     174.2901     128.6571
     179.3733     124.3056
     170.1508     122.8960
     130.9699     129.1756
     107.4205     127.7950
      57.8038     121.1268
     165.3427     140.0813
     175.5411     122.5734
      76.1059     127.1118
     165.9499     125.2614
      60.6154     108.3282
     161.3586     128.2931
     172.1298     137.4953
     124.5620     116.8159
     177.8756     143.7403
     173.3993     129.2405
      41.8041     112.1988
     147.9661     118.1315
     114.9360      97.8121
     101.5401     101.2440
      97.2492     159.2673
      85.3087     128.7068
     167.6830     125.2207
     158.6890     137.0280
      95.3950      97.6775
     181.4397     144.1891
      46.0896     107.5186
     144.6752     160.8753
      81.7159      84.3646
      88.8442     128.0110
      90.6557     110.9741
     129.4643     106.3562
      79.7867     169.2842
      71.9773     128.4939
      99.5009     128.8872
      86.8055     176.5762
      94.9523     143.3666
     112.9296     164.1445
      88.7348     117.4850
     153.7419     123.1681
      28.2966     107.5391
     151.1433     144.3113
     119.7411      86.5544
     130.3662      92.7787
      95.2351     113.6512
     147.2218     156.0607
      94.0722     115.6036
     122.1121     163.8652
     177.2595     132.1582
     113.6206     175.2351
     171.0615     120.2017
     175.3476     116.6404
      73.5909     147.6051
     157.5628     121.5684
     124.9844      93.5414
     180.4761     119.0577
     116.3884     107.8035
      46.9195     165.9559
     106.1704     153.6179
      78.9954     122.7215
     181.1477     128.3537
     110.2527     108.6662
     168.1607     135.7804
      90.2658     139.1470
     104.7651     139.7428
     100.1040     150.6036
      82.6888     153.3512
      50.1341     149.9557
     172.7430     137.3890
     179.1178     123.9773
     171.2137     135.6849
      99.5604     125.4770
     172.4557     121.6073
      46.8897     100.8671
     129.6181      68.6272
     177.3687     132.3261
     161.9478     129.5523
     120.7073     169.8333
     112.5998     144.0827
     154.9717     114.1540
     101.7764     108.2593
     163.8820     130.9648
      72.4691     145.6343
      89.8398     138.7364
     115.9358     188.5556
     101.1100     102.0508
      40.8217      98.9656
      52.9188     149.8235
     147.1505     132.2159
     108.8761      91.0245
      50.5245     142.2801
     113.6868     137.0470
     155.3466     134.1872
     168.8052     109.5660
     174.2610     120.3152
     112.5471     116.2405
     120.5611     152.7818
      98.5994     114.3860
      68.1408      82.8383
     122.0591     162.4346
      71.7260     122.5800
     187.7187     112.4631
     168.4698     128.1097
     168.6709     126.4061
     124.0426     133.1106
     176.4554     115.0320
      84.8098     118.9456
      88.9426     128.7533
     113.9147     135.1925
      74.4426     136.1037
     104.3246     142.0703
     123.9364     150.3957
     161.2195     135.3572
     171.2144     122.8746
     123.8421     138.7398
      84.8475     140.7169
     169.6411     132.3375
      95.6330     131.9394
      70.0972     128.6362
      59.2672     141.9579
      33.5016      70.6089
      99.6827     170.9852
     105.0270      92.9161
     181.9748     115.2002
      83.1850     166.1990
      97.4620     119.0082
      56.9747      62.1807
     171.7340     138.2813
      74.3964     161.6331
     182.5240     127.5203
     119.4736     109.5118
      58.8183     119.9228
     102.6960     127.8851
     120.2890      86.6994
     160.0987     134.5808
      72.2416     142.8756
      36.0926     134.3285
      69.0270      91.7624
     185.1055     137.1815
      53.4243     168.6252
     144.3237     158.9951
      73.2626     133.1372
      78.9583     133.7089
     152.8226     152.6281
     140.9762      84.9370
     133.5176     162.9121
     186.7605     130.3583
      86.2477      74.5259
     101.7078     109.0142
     157.5962     128.2982
     145.9104     122.5126
     172.3951     118.1466
     171.1888     130.4880
     163.7532     122.2544
      68.9181     160.2305
      46.9132     190.9963
      89.7482      74.9593
      88.9080     140.8456
      98.8001     163.7924
     107.7274     138.7929
     170.6776     134.0168
     180.7524     124.7762
     160.9022     124.2586
      93.7363     130.1209
     117.9846     143.1005
      89.2945     130.6572
      93.6897     117.5322
      67.5596     142.3706
     105.6483     101.5035
     121.4960     147.1103
     103.2851     136.4932
     179.1969     134.0818
     131.7840     138.7821
     171.9019     125.1454
     172.1694     119.9968
      49.7754     146.0307
     167.5811     128.6633
     101.9429     138.3281
     175.7181     113.8601
     147.0321     138.0466
      87.2257      74.4870
     156.2114     126.4858
     174.9390     128.1221
      88.7901     140.2917
     163.2426     143.2476
      41.5004     104.8204
     174.3695     114.7227
     166.8715     126.5152
     157.0320     112.0828
     174.3435     145.3603
      41.1382     155.1110
     119.8542     173.5308
     113.3436     126.2491
     172.4758     123.9561
     175.2536     138.8425
      34.6868     140.0085
      80.7606     105.7706
      97.3298     144.4224
     124.6862      95.0828
     177.1515     140.2300
      99.9279     103.2180
     157.8128     148.2624
     172.6300     125.9969
      55.3351     117.1731
      93.4718     117.5062
      79.2700      66.9709
      77.4912     158.5329
     160.6663     115.9885
     166.4181     128.4442
      64.4591     127.7113
     101.3058     145.1270
     120.8377     110.9198
     147.8695     149.3365
     100.9567      68.2510
     171.1761     123.2790
      57.5569     121.4164
      96.3704     174.4900
     178.9305     139.3360
     155.7897     125.3468
     103.2572     139.8010
     177.3370     137.4286
      55.6924     107.8511
     145.7680     138.5849
     172.7171     146.4342
     123.5057     138.7546
     100.7848     136.4945
      94.3852     173.7448
     150.8769     111.3820
     162.5016     139.7162
      70.7063     108.4340
     166.4434     120.6072
     175.9757     127.2721
     171.8307     124.1999
     128.5154     130.7200
     117.4868      87.1246
      78.5799     173.7098
     106.0948     130.2571
     141.2790     154.3947
     100.2482     118.0856
     129.5947     102.0903
     176.9417     142.1652
      94.8631     130.3656
      41.1540      81.0235
     177.5592     132.4923
     179.9653     134.1960
      50.5816     130.0780
      56.5309     144.4976
     173.1146     135.5235
     180.3096     132.0418
     167.8644     131.5581
     128.5993     143.1947
     110.4318      80.2679
     111.2745     185.8809
     149.2579      83.1152
     107.3598     158.5964
      96.6510     162.8527
      84.8294      45.1686
      76.3943     142.2437
      92.0706     101.2426
      68.0352      84.0998
     152.9039     118.5108
      34.9678      83.7206
     119.5627     136.7002
     173.3802     128.6637
      93.7009     152.7234
      58.5630     177.6294
      74.9200     125.2975
     165.9781     123.9335
     166.8545     133.9564
     166.6443     127.3967
     170.4263     115.7210
      94.5509     122.0041
     161.4531     123.3315
      96.8155     154.4340
      96.6044     135.2265
      82.9875     122.0726
      78.6998     157.7398
     114.4299      82.2198
     105.5532     186.6771
     151.9107     131.1262
      43.8805     155.7621
     183.9613     122.9994
     112.6197     147.5829
     154.4268     123.4058
      74.5874      87.6539
     125.5698     163.8356
     101.9529     143.2298
     164.1491     134.0999
     182.7616     135.5454
     105.9747     152.9240
      81.5561     113.2987
      85.4110     156.4011
     178.3508     134.7397
     154.2459     126.3928
      92.8696     196.2014
     163.7140     138.7964
      85.1189      91.3392
      73.8689     124.8947
      88.3066     121.7597
     102.3323     138.7243
     174.6370     131.0940
     163.0835     125.8599
      64.7374     148.0795
     174.2050     138.9911
     181.2330     136.1698
      91.5401     124.2908
      89.8432     143.4262
      42.0000     104.1802
     104.0084     137.3324
     138.8944     107.9533
     177.8665     119.7072
      72.0870     220.6619
      84.7716     129.6198
     172.4256     120.8857
      28.0951     123.2039
      74.4820     102.6792
      78.8328     137.6631
      47.5593     159.8467
      91.0912      83.1076
     105.0292     172.6561
     112.9747     118.2668
     111.2129     113.7055
      51.2135     176.5579
     154.4980     128.8607
      80.8192     119.2311
     111.8390     126.9539
      86.3607     189.2420
      78.2972     156.5980
     167.3106     126.2570
      85.3055     167.0881
      86.4635     121.7767
      99.2201      96.1777
     117.3920     159.0230
     160.6532     139.8630
     165.3233     142.4208
      48.8704     142.7115
     170.8043     134.0909
     109.3107     130.6738
     174.4974     135.1742
     176.1121     135.9916
     143.3054      89.8512
     110.7747     159.9024
     141.4799     121.2142
      78.7209     144.2123
     183.7624     129.0307
     161.1349     126.0711
      77.4573     101.0188
     166.4465     129.0966
     103.8886      83.0733
     154.2856     140.7553
     155.8576     139.3382
     161.0348     134.8160
     116.5805     135.8447
     173.3878     131.4393
     161.3572     134.8304
     113.3895      75.5631
      87.7233      89.9493
     127.0772      99.9431
      68.5010     124.1385
     172.1022     137.4010
      96.6794     121.0966
     165.9354     135.5076
      73.7257     118.0167
      60.2005     125.5765
      91.2226     117.6250
     116.6340     106.2079
     160.6034     140.4709
     168.4823     134.9949
      98.0167     149.2826
     120.8924     101.3541
     129.0723      92.6111
     159.3742     114.3407
     152.4194     179.1464
     165.5580     144.2673
     104.2065     149.7200
      90.3479     137.3295
     162.9922     112.8414
     184.6397     122.7827
     105.1502     164.4298
     173.7617     145.8103
     181.7248     117.2544
      56.3959     154.1106
     163.9265     133.9792
      72.8078     138.8999
     105.4728     135.5172
      58.8857     204.6772
      85.9824     105.8099
      97.7087     155.2216
     115.9949     137.7443
     179.4382     127.6350
     162.0978     127.8630
      83.0144     158.6197
      74.9904      83.7104
     175.0734     144.8568
     136.7026     138.3249
     171.5452     138.6824
     122.1008     184.6235
     170.0827     120.2143
     139.0986     134.0215
      91.3145     172.9261
     120.3594     165.0409
     171.9534     130.9250
      97.0878      81.6643
      88.6089     195.5949
     122.7019     122.1773
     174.0282     142.5711
     122.3728     119.7032
     128.7629      95.0912
      67.9287     124.5061
      82.7680     145.6148
     162.5851     138.9586
     139.7167      95.7127
     162.7389     125.1433
     169.0947     143.1240
      77.8578     114.0512
     125.5809      96.7531
      39.3199     154.2939
     171.2791     143.7087
     175.8924     140.2529
      97.2509      90.3672
      98.1388      99.6191
     173.4471     127.1967
      84.1168     100.6331
      85.9731     100.2150
      15.4690     181.0033
     134.4237     211.6072
     164.8525     154.7153
     100.6218     117.8079
     182.5801     133.7532
     188.9155     103.4194
      44.4823     131.5652
      50.7275     186.2887
      98.0042     159.9065
      68.4955     154.4880
     117.3187     157.6152
     175.8356     137.6265
      28.0868     108.3753
      68.6839     121.4904
      54.5895     120.1059
     146.8462      73.7165
     154.9658      98.5726
     183.3450     126.4579
     159.0220     142.3525
     187.6618     141.8047
     161.3114     129.3268
     167.8282     132.6551
     163.5510     122.6412
     111.9428     146.5086
      59.5723      65.2514
     151.4392     164.2899
      52.3409     110.9064
     102.1309     123.2606
      84.3050     137.0197
      96.0920     136.7188
      65.6735     105.2851
     177.4841     130.6055
      36.5900     129.5386
     114.7072     157.3289
     154.9630     136.1476
     123.2324     128.3141
     187.8668     130.6582
     172.9254     137.2270
      50.0369      98.2518
      64.4497     129.8734
     104.0827     157.9564
     108.8959      87.9557
      64.4613     137.6797
      90.5485     164.3447
     126.2329     160.4087
      92.8480     102.2076
     105.6552      89.0361
     160.1766     129.6506
     175.3336     130.7426
     103.5736      83.4709
      76.4235     116.5653
     163.9921     116.8191
     110.8337     128.2329
     157.7561     137.8180
     170.5269     136.0308
     159.8584     142.7088
      56.1739     119.1674
     166.3802     122.4409
     161.3144     134.5299
      89.7946     121.5756
     166.6437     126.5343
     149.6959     157.4286
     178.5253     123.1495
     186.4300      79.6265
      71.7535     175.1323
     131.4053     174.1674
     127.3311     143.0372
     172.3526     130.0305
      23.0603     141.4121
     129.8029      96.9446
     110.2903     127.5140
     178.9209     114.5670
      71.8724     118.9583
      93.8490     137.2292
     104.8787     132.8316
      49.1846     135.6149
     178.1069     122.7599
     173.4752     128.9950
      58.3373      77.9533
     127.8784      74.0985
     170.9034     130.3439
     166.7873     127.9016
     167.6371     134.8744
     164.9241     136.4589
     103.5599     106.5493
     107.1455     117.3509
     114.2359     107.5913
     106.5752     106.0133
     170.6827     124.8983
     144.9856     114.0425
      89.7982     139.8106