     119.5897     191.2117
     194.1362     191.4211
     159.7421     113.0673
      76.8822     164.6390
      82.4617      75.7746
     218.7087     251.6497
      96.1372     -20.5048
     185.4000     147.7797
     183.7670     139.8766
     234.4861     284.0191
     121.6748     204.8858
     190.0333     295.8619
      78.7891      29.7551
     223.5721     247.0712
     217.3339     214.2557
     172.4516     169.4108
      99.3629     145.6100
      82.6219     156.2647
      96.6460      88.1776
     180.7819     222.4071
      98.8527      66.2741
      78.2120     111.3131
      71.7621      69.3616
     125.5949     190.5401
     115.5825      75.0226
     125.6122     129.7095
      96.0335      88.7772
     211.6344     232.3119
     212.0821     164.9966
     121.3266     200.6043
     221.5957     310.2202
     101.2387      93.9408
     211.3434     222.2062
     224.7816     334.2012
     223.9589     308.1054
     210.3754     193.8757
     212.1791     198.7803
     171.4646     144.3576
     196.8994     252.3450
     115.2472     180.2657
      69.2833      44.4997
      89.8768      98.0246
     102.2212     164.9459
     234.0527     241.4908
     108.2050     122.2924
     111.7054     112.6616
     211.1003     243.8718
     223.2840     237.2893
     211.1592     268.6690
     144.1755     280.3752
     123.4114     223.2228
      96.1914     181.0923
     194.9995     140.2454
     214.2116     256.2666
     130.0194     170.5576
      97.2528      82.6121
     129.1923     152.4477
     230.0474     273.5581
      63.1108      33.0623
     207.2672     303.9092
      84.2367     107.5505
     197.4160     174.6606
      88.7246     150.2997
      67.5068      88.8626
     130.0061     229.4498
     117.8296     246.7281
     201.7326     204.7633
     119.8691     188.6081
     212.1180     109.9428
     105.1247     212.3384
      86.5919      64.0480
      92.0037      40.5068
     116.9039     189.7571
     101.5622      96.1556
     119.4160     186.4652
     204.6768     237.3426
     185.1552     205.3670
     235.3338     248.8091
     116.8158     125.6255
     111.8378     254.0468
     208.2327     198.2970
     221.8533     248.1919
     207.4475     289.3927
     162.9961      47.3415
      88.5678     123.7323
     205.5057     198.7099
      94.7636      32.8474
     204.4498     193.8316
     183.9613     197.6699
      79.6832      16.3341
     174.9554     106.9795
     106.2180     122.4059
     208.0438     155.1555
     196.9910     141.7862
     217.7637     187.0021
     178.8632     118.0208
     103.0089     179.4626
      72.4029     112.8206
     113.1673     172.0152
     199.8256     169.7517
     102.3405     142.8749
     111.0966     176.4689
     213.7238     258.8625
     215.1087     254.2627
     192.6446     223.9712
      98.8952     152.8944
     187.9005      87.4849
     192.7932     225.2612
      78.2454      42.4197
     106.9815     128.2959
      89.4115      58.3575
     236.1522     409.4106
     186.6292     257.3795
     183.3063     148.2229
     180.8164      63.1216
     232.4209     386.4178
      98.0340     113.6936
      69.2379      47.8097
      79.2440      75.5008
     216.9520     323.1590
     208.5614     167.9170
      74.8830      32.4016
      73.8412       6.2604
      68.4764      17.4587
     103.1411      94.9760
      82.2029      80.4411
     110.6040     115.1833
     162.7662     103.5720
     122.2114     149.8162
     161.9508     180.4676
     176.1199      97.0800
     177.6514     118.4281
     257.7195     277.6253
      92.7147      69.4504
     227.5653     221.2929
     109.0672     222.3575
     193.0079     138.4161
     223.7344     208.1888
     212.2149     246.8472
     195.4639     259.4598
     206.4253     298.1851
     128.4231     124.1021
      51.3213      46.5507
      84.0294      21.8125
     205.6131     205.8997
     115.1062     115.2669
     211.2909     234.2947
     107.2414     147.3880
     111.7430     154.2286
     178.8187     159.7959
     133.2041     204.9657
      90.9183     145.4924
     161.7953      40.0921
      84.1540     115.2009
     215.9522     158.7175
     192.8730     169.1674
      94.8699     100.9816
     182.0122     136.5659
     216.4942     227.1192
      83.3932      79.9006
      91.0999     111.8695
     193.0702     169.5822
      71.5345      73.1813
     211.9548     179.7176
      92.1754      45.1047
      78.0093      24.0855
     215.8136     165.3536
     195.7643     179.3228
      80.0653      96.4507
      93.4236      97.6111
     195.1172     180.4336
     127.5973     200.6303
     223.8881     381.4426
     177.8820     154.2111
      89.9718     190.0856
      91.8432      76.1063
      69.3589      55.7671
     113.1013      98.2518
      93.5789      37.5152
     174.5114      96.7693
     190.0019     127.6483
     101.0267     169.1239
     107.1144     119.8917
      80.2549      80.6863
     112.7047     237.8370
     217.1897     265.9762
      89.1612     139.2296
     234.9868     292.4845
     204.1710     259.3973
     170.2973     146.6237
     200.5637     269.3385
      95.9201     131.3785
     106.2032      97.4198
      83.0363      75.2970
     224.0327     222.3500
     114.8276     259.6675
      90.3382      73.6015
     188.2893     145.5203
      99.4337      72.2301
     177.9686     138.8003
     215.8728     230.1556
     198.0532     201.1375
     218.3730     207.5026
      69.4462       7.4581
      68.2048      13.9224
     212.2204     266.1729
      79.9056     102.8238
      99.6901     174.7282
      78.1726     156.0329
     208.2848     239.8094
      70.4300      30.5968
     219.0287     213.2079
     227.6764     210.9078
     199.6794     140.1353
     177.2508     169.9713
      72.2805      71.7843
     230.5647     277.1501
      73.1876     134.3668
      68.0085      60.5846
      89.4730     112.1790
     199.3070     207.9868
     205.9706     270.6022
     220.4999     307.0124
     210.6602     252.1083
     206.5980     241.6221
     161.6669      23.8504
     206.3596     231.9175
     188.3203     158.4330
     170.5082     136.7631
     108.3434     170.5303
      85.2057      93.6835
     212.6150     175.0795
     245.2636     306.3694
     203.0442     187.9218
     119.6023     164.3161
     167.7503     120.0689
     185.9074     132.1726
      89.8065      74.9660
     173.4937     163.7348
      71.3290      53.8211
     203.3951     212.9973
     198.4385     143.0394
     102.5256      77.6025
     220.2060     229.8489
     110.2002     114.0857
     152.6094     209.6246
     195.4803     223.9205
     206.3107     193.8307
      98.5835      82.3500
     181.1019     157.8281
     219.8434     241.9884
     119.7423     158.5733
     196.6387     170.6564
     113.3561     123.1696
     193.8328     154.8340
     192.0359     226.9786
      96.7109     141.2787
     112.9383     151.8789
     183.8517     158.0349
     115.2410     193.7445
      85.8966      68.0043
     116.8127     159.9085
     188.9870     201.6949
     124.1738     183.5876
     184.0328      91.3603
     237.0195     352.4202
     106.7859     243.9076
     174.8102      96.9190
      99.4039     123.8944
     104.9931     130.2525
      85.0596     133.8482
     114.1383     110.2346
     188.8446     105.5966
     100.0741     186.3999
      94.5906     123.1985
     109.2677     192.4114
     186.2125     171.1879
     107.8101     230.0041
     102.9544     223.2882
      72.7265     124.6811
     224.6732     305.8218
      66.2130     -11.9803
     213.1270     399.9173
     167.5101     185.1447
     110.5483     172.1000
     200.9190     215.4950
      87.0757     -17.3838
     225.6553     245.9456
      90.9085     120.1554
     205.9873     218.6360
      93.9397     130.6185
      89.8158     133.2288
     225.9589     337.9396
     120.6017     274.6100
      63.1083      67.2361
      59.4283     -10.1804
     205.5343     164.4952
     222.7216     289.1606
     111.7198     178.3399
      97.3831      57.7900