     117.0403     320.9836
     199.4637     102.5150
     186.8088     115.1408
     199.2540     104.4669
      96.9297     112.4765
     199.1545      76.0571
     146.4348      50.7838
     194.0618     128.2862
     106.1960     148.4239
     207.6589     199.9600
     211.7924     130.6009
     201.8566     114.5543
      97.3734     164.2793
     204.7638     191.0805
      82.7643      85.0598
      96.5756      97.1288
     201.0453     183.0391
      77.2413      94.6568
      84.5319     147.1668
      82.3980       8.6795
     216.1094     129.3262
     191.0414     109.0749
     210.9271      77.1276
      96.0236     171.1092
     104.5027     110.9921
     205.2986     241.7920
     224.9191     252.3823
      91.7539      -1.4946
      63.0842     -24.5356
      92.4507     190.4638
     131.1198     239.6104
      91.4177      15.9249
      78.5878     114.5275
     152.6881     234.6824
     197.2320     111.3240
      97.6958      91.3472
      92.8905      95.2238
     201.4263     241.2207
     205.8536     263.5751
     201.1191     189.0560
      91.3694     156.5537
     122.2796     160.2823
      77.3552      93.8056
     117.4620     103.8477
     173.8909     -26.0669
     104.7176     192.1969
     231.5606     264.8251
     199.1920     178.9838
     171.3417     103.7246
     127.4600     223.3080
     203.5336     159.9267
      89.4726     189.5640
     201.1869     193.4889
     229.3399     265.5109
     204.4449     202.6267
      83.0002      20.1633
      88.5859      84.9323
     200.2623      96.2694
      94.4502     140.2855
     217.4018     169.9045
      64.7470      85.9298
     193.9198     217.7141
     197.8384     106.0670
     161.1340     143.6401
      95.7683     113.9596
      88.2341      64.7979
     207.5216     169.1112
      78.0752      50.1635
     205.0407     199.3586
      78.6784     100.7254
      88.9177     128.5212
     181.4729     144.0816
     191.7309     114.7825
     217.8303     245.0131
     172.3929       5.1634
     199.9813      92.1093
      99.7205     191.9827
     210.9767     169.2299
      70.5440      47.2577
     212.2570     167.2057
     200.1636     124.4917
      92.8918     146.3999
     183.0872     109.9306
     204.1218     153.1754
     196.1221     104.8292
     222.9235     244.8849
     186.3639      74.5737
     184.7864     -21.3550
     196.2096     143.3343
     206.5289     174.9887
     176.3269      88.5834
     179.8134      90.7442
     124.3869     214.7620
     217.9965     220.5988
     114.5550     187.5810
     217.1535     259.4265
      99.4004     127.7289
     206.9726      92.2285
     188.7774     118.8285
      87.5962     116.0596
     225.9982     214.4275
     184.7831      90.9425
     127.6405     194.3291
     131.7250     145.3651
     168.1681      56.5602
     106.9704     173.6399
     138.0107     216.1569
     238.7515     282.7186
     147.9239       6.1246
     199.8051     217.1133
     244.4958     268.7759
     110.9700     172.7299
     224.8282     160.6018
      72.6761      68.4258
     103.5833     115.6583
     207.9679     134.0733
     204.4039      89.2979
     147.6348     -42.2156
     212.8630     197.2365
     105.1821     175.3276
     125.8816     169.7110
     210.0021     169.3536
     213.4730     202.5958
     223.7098     197.3066
     202.2212     183.2743
     195.5046     149.0655
     110.0773     134.0177
     236.1857     342.2749
     181.2737      38.4799
     100.6067     149.9632
      93.4413      88.7501
     120.5165     236.1684
      84.7451      86.5481
     168.1307     176.4887
      84.1358     -11.0579
     130.1084     272.0043
      92.2534      81.9448
      76.9182      66.7012
      86.7275      61.3709
      92.8549      87.8917
     109.9709     216.2134
     195.0901      79.8409
     196.4591      67.5542
     238.2866     286.2186
      88.7928     114.0412
     120.8527     181.9744
     212.3427     152.2716
      95.0562     102.7591
     190.6271     207.8598
     102.5950     143.0279
     232.4126     242.4393
     133.8021     117.6693
     168.9301      86.5429
     167.9967      33.0771
      64.0693     -21.0080
     186.3415      80.9334
     208.9142     147.8676
     217.3794     182.5607
      94.2741      55.0692
     118.1493     155.5132
      86.2184      59.4909
      99.3331     128.1277
      99.1064      48.1350
      78.6537     174.9956
     211.2258     178.0753
     190.5058     144.6438
     212.0981     136.5376
     215.1280     281.9425
     201.9967     199.6759
     110.8530     208.4574
     198.5064     113.9848
     202.7454     204.8861
     190.7412     116.9056
     114.5373     150.8407
     198.1962     125.8444
     173.2142      71.8038
     209.5537     200.8930
     202.9803     195.5977
     189.6314     143.1847
     138.3914     188.8722
      77.0509      74.3302
      78.2787     134.8155
     204.0194     204.4291
     195.7116      90.1277
     210.2402     172.4248
     211.4881     175.5759
     217.3160     127.7143
      88.3422     121.7335
     107.2504     144.7730
     101.9440     136.3269
      91.1494     109.4544
     209.9564     145.8424
      96.1265     138.6591
      88.4905     156.9272
     215.5029     206.8464
     209.6556     136.9160
     212.3082     189.9457
      71.4339      29.5897
     119.2258     293.1967
     205.6482     178.9441
     195.0258     235.8238
     197.6429     205.4146
     185.8770     146.3056
      84.4035      60.7976
      93.2023     104.3091
     117.9194     169.0153
      99.1876     127.9821
     207.5529     261.3739
     162.5989      43.4592
     186.6616      74.2441
     199.1371     150.4354
     215.4767     190.0005
     111.3365     147.6041
     215.3534     223.5423
     181.3384      31.2593
     206.8872      66.7527
     168.7568      51.3189
     190.6145      50.1549
     237.2463     214.4778
     215.0053     155.6090
     101.2509     156.3674
     161.7691      68.7984
     190.9840     153.4934
     128.9164     140.3184
      94.0966     163.5359
     114.2585     188.9076
     150.9579      95.0920
      87.9206      66.9418
     119.7110     190.8668
     116.2684     210.7746
     112.1882     165.3430
     174.4356     125.3320
      80.2021     -22.1009
      71.1235      91.6705
      87.0890      66.5081
     215.1429     171.0225
     136.9509      65.3746
     108.6277     160.3708
     183.9259      79.1501
      86.1068      39.9981
     185.3012      80.2067
     175.8401      64.1251
     167.5539     144.5610
     100.3311      94.7704
     262.0322     286.4083
     223.0715     260.1212
     174.4209      65.9874
     215.4969     113.9800
     221.0283     242.1195
      78.5471     221.1004
     200.3780     184.7596
      88.7895     100.6771
     174.1025     159.8693
     104.5041     198.3379
     200.7035     148.6933
     223.6023     174.8830
     213.8901     110.3058
     129.4534     214.7011
     198.9069     152.1492
     137.0244     319.5420
     216.6304     192.4438
      90.2535      35.1837
     197.4631      88.1449
     195.8471     217.7404
      99.9039     126.1733
     228.3760     259.4848
      89.6551     155.6416
     195.9927     171.7009
     174.4382      74.6896
      91.3389      95.2196
     110.1831      46.2282
      99.7397     141.2464
     178.4232     125.1577
     198.3433     123.8624
     193.2384     172.6946
      73.9799     100.1824
      73.6588      -4.4006
     184.8327     147.7609
     102.4878     162.0655
     101.7587     113.5044
     185.5619     152.2572
      75.0455      71.2947
     199.3475     214.0307
      78.9605      86.3594
     119.7621     210.8185
      96.3410     233.3885
      92.6986      85.0738
     129.5157     160.7160
     176.8103      79.7075
     229.3340     306.7313
     173.1424      33.2142
      74.3107      89.4586
     103.8269     110.2244
     223.3932     289.0826
     120.8687     134.3704
     186.6656      72.8299
     202.2802      97.1295
     144.8141     254.0518
      84.7048     149.5639
      75.4568     106.3664