      86.2946     159.6093
     231.1018      92.2445
      90.3226     142.6126
     183.0955       5.2669
     223.3761     236.1740
     235.2291     151.9456
     212.9826     191.1907
     234.2627     218.2703
      90.5376      72.7137
      52.7672     -96.5230
     222.2711     143.1389
      73.8518      58.9166
     117.8190     167.2616
     235.0728     110.1367
     186.8175      80.4631
      97.0330     132.4467
     129.3740     150.6284
     107.0229      60.1916
     107.5844     112.7215
      98.0969     128.8076
     178.6083      61.6370
      65.9790      88.9398
      90.4012      71.7988
      87.2647     176.4242
      91.9938     167.4629
      76.5673      27.6083
     106.2192     107.9433
     237.6012     145.1123
     244.4698     111.0808
     126.0172      50.9453
     252.7741     171.9361
     223.3794     185.8499
     231.7507     261.9724
     104.6905      79.3186
     115.0842     120.2015
     220.1928     166.4431
      87.9573     156.1400
     227.6193     191.7703
     102.5477     201.3665
     261.2629     214.9431
     202.6323     121.3255
     237.3084     135.9050
     250.8200     271.8071
      81.3637      94.2420
     227.7767     135.9717
     212.2926      99.7777
      95.5753      30.7237
      61.4599      27.1886
     206.7817     145.2344
      83.5719     100.9300
     100.2964      35.9063
     123.7076     246.7623
     130.0017     172.2516
     110.6105     217.1982
     203.6954      66.6744
     210.3976     152.7830
     218.7606     118.5504
      68.7847      55.2432
      88.1160     218.3986
     237.8266     134.2439
     223.4694     158.5971
     131.5483     288.3801
      99.6413     164.6018
     208.4274     138.4300
     100.6353     147.0807
     108.2441     164.2479
      75.5711      74.7455
     103.5964     262.4380
     138.9018     181.9279
     238.8977     346.6082
      60.0054      24.3427
     219.7068     155.7698
      97.1182     191.8465
     104.1871     148.0935
     215.3243     136.1755
     167.9325      24.0509
      87.4204     161.2883
     109.0837     246.4865
     243.1148     259.7891
     221.3225     208.2952
     215.0531     135.3244
     172.2999      50.8690
      93.8890      26.5282
     105.6095     254.0181
      89.8851     133.4977
      98.4010     148.7768
      94.7074      87.2680
      94.1768      75.3148
     222.2604     158.1498
      75.0964      84.4715
      79.7776      54.6724
      99.9208     180.1213
      71.4262       5.5408
      58.5156      46.5508
     131.0469     187.1066
     100.3316     122.1910
      90.0395     103.1332
      99.2103      41.1886
     229.6452     213.8006
     247.2923     184.5324
      91.6095      94.5219
      83.2108      56.3904
     217.3772     228.1735
      90.1900      88.8465
     152.8707     333.7067
     230.2187     204.6340
      97.9768      35.1560
      91.0500     120.1554
     106.1927     123.9252
     205.5571      76.4218
     118.0049      92.7235
     211.0156     119.5648
     228.4551      84.3726
     117.8015     193.1811
     186.2991      37.1440
      72.4036      82.0571
     221.6796      70.3354
     186.8117      44.8573
     192.9103     103.9906
     241.8696     119.6088
      91.3936     122.0362
      69.6739       2.8071
     216.6312      88.7623
     105.9678     175.7211
     212.7112     172.0841
     109.7360     151.6737
      97.7458     175.2559
     207.3478     167.5981
     220.1772     165.0292
     101.3922     112.1862
     202.3208     107.9481
      84.8754      95.0416
     142.9627     256.8977
     236.4194     150.8863
      70.8868     102.9079
     110.9026     178.9881
     262.6172     246.2104
     244.6895     308.5457
      96.4784      93.4994
     215.1229     172.3370
     198.8364     143.1284
     199.5775      69.3058
     109.7034      52.4814
     104.0366     143.3989
      63.4343      39.6351
     208.2199     126.6180
     105.5360     128.1105
     233.7095     219.5756
     135.6075     160.3221
      89.0004     125.7399
      70.5809      44.8665
      95.2039      59.9287
     238.4930     204.2195
      77.1768      96.5187
     195.0625     106.3381
      96.9358     156.8268
     117.5994     181.6945
     198.5057      22.9765
      88.4798     112.0706
      91.6127      96.1351
      82.5849     103.9477
     198.7535     157.7940
     227.0864     236.8500
      84.1385     168.9919
     219.4529      63.7428
     235.1871     165.9105
     111.8457     127.2225
      84.5933     133.3010
     112.8182     123.2346
     210.0581     142.8014
      99.0853      81.8286
     173.3561      34.7285
     111.0261     205.8111
      82.9035      96.1062
      58.6832      35.2613
     203.5916      92.9394
      83.8149      83.6363
     252.9958     254.2048
     100.1031     148.9389
     192.8262      54.5558
     124.9667     201.9447
      81.9540      61.7975
     230.9700     169.1176
     250.1840     246.2297
     203.0383     105.4190
     123.1701     220.4638
      45.1168     -91.9798
     233.2832     176.2037
      88.7800     157.0684
      84.3941      50.1924
     113.0173     134.8200
      88.3394     100.7122
      81.1632     102.5644
     103.8601     143.4457
     214.0576     192.0040
     225.3886     201.8533
     213.8730     105.3039
     217.7382     183.3667
     117.0225     165.1643
     228.0544     154.9358
     236.8847     128.8475
      98.9116     222.1669
     105.3775     183.4229
      96.8733     184.6979
     107.3361      98.3257
     234.7040     221.0842
     216.2617     186.6341
     124.3348     335.0512
     224.5673      65.5135
     207.7747     179.2345
     219.2743      14.8245
     103.4009     103.9204
     104.1453     185.1789
     121.0967     182.3430
     251.7277     242.9763
     107.0946     115.8082
     240.6612     186.3458
      88.8351     159.1979
     235.3544     222.4429
     239.9173     277.2442
      73.4762      41.5935
      94.5268     178.2860
     205.5972      51.8759
     215.3489     118.4019
     252.7603     203.7233
     255.0398     245.2765
     193.9569     142.4571
     198.6789      80.7003
      78.0350     137.4986
     208.2879     111.9761
      89.0890      90.8233
      72.7473      53.0788
     246.5959     282.4021
      90.5141      66.0464
     226.2456     145.0522
     219.7232     164.6182
     112.1259     205.8727
     127.8614     226.1910
     104.7389     128.2896
      71.4166      32.8203
      88.4368     160.6657
     103.3831     128.5298
     227.6144      68.1116
     230.1192     212.3894
      85.5104     197.3755
     103.6570      99.5650
     209.3384     145.8802
     258.2664     284.0225
      93.2425      99.5531
     112.0353     157.7190
     127.6934     175.9139
     221.7370     228.4334
     142.8922     287.8131
     115.5389     147.9509
      85.8241      98.5804
     237.1319     293.6203
     111.9791     190.8610
     210.6157     162.9000
     235.5745     107.8697
     224.0708      97.3905
      82.6238      41.6026
     119.7201     227.8509
     233.6458      99.6066
     240.4619     159.7991
     168.4532      21.2402
      78.1535      78.9911
      81.6262      43.0261
     100.1427     197.6787
      83.0228      29.2890
      91.2658     106.6709
      88.9648      66.7094
     144.2763     323.6059
     193.0362      35.2051
     189.1498     -20.4988
      95.3590     186.1391
     140.9199     154.0606
     173.8080     -95.7691
     233.3905     123.9413
     122.2349     143.7875
     227.9000     165.8920
     102.4186     146.6200
     132.3133     346.3386
     232.1959     172.7027
      80.1535     106.9943
     201.1566     122.6426
      78.6941     172.8186
      90.0251     101.0630
      90.4872      75.8957
     215.4691     155.1425
     103.5203     112.6278
     234.8240     145.1524
     109.9783     152.3264
     250.3643     183.1029
     241.7852     176.7942
     210.6851      84.7134
     101.9926     121.0228
     205.7385     137.3475
     227.0868      78.3388
     233.5408     238.8658
      89.6023     115.0002