      58.2499     128.9487
     125.5634     152.1258
      81.6702     101.3892
     101.2310     132.8694
      85.2471     187.3988
      87.3382     193.3189
     109.5877     152.3391
      97.4392     118.6896
      96.7292     201.5541
      85.3989     145.8065
     100.5079     199.3483
      93.3846     108.5965
      90.6724     187.0794
      95.6517     187.3332
     105.6825     191.7900
     108.8626     118.7236
      91.6298     166.9207
      78.9178     139.7210
      95.5237     115.4742
      88.3548     184.0300
     113.2919     160.8133
      86.5168     192.4591
      73.5930     100.7973
     117.0450     127.5511
     105.5591     190.7968
     170.8217     119.7233
     104.8997     183.1253
      92.1512     189.4691
     131.9216     132.6860
      67.6700     140.0876
     102.4555     160.9265
      97.3649     206.8595
      95.4905     199.0111
     117.5946     113.9838
     103.0053     201.4404
      89.3761     119.5162
     101.1973     145.9957
     107.5891     181.8780
     102.0914     119.0745
      96.0262     189.1887
     117.3877     122.4408
     114.1205     123.7299
      76.3828     134.3393
      95.9243      98.2381
      82.3574     124.1124
      63.8206     126.9161
      86.9044     132.0564
      77.9565     120.1210
     119.2423     145.6477
     105.1225     175.1569
     100.3129     189.6143
      94.3932     188.0222
     117.3728     141.3649
     101.4721     196.5745
     107.7994     187.4783
     110.2099     123.5570
      96.1121     192.9853
      92.0039     195.3010
      86.8868     183.1936
      99.0693     186.1989
      60.2202     150.2150
      92.3552     115.0124
     100.7513     193.5806
      95.4097     174.1643
      83.8003     137.6853
      94.0718     184.3076
     104.6560     181.6830
     104.2860     206.2397
      93.5602     182.4499
     100.0224     142.1517
      86.9545     150.4459
      95.6294     112.1375
     101.2061     141.3727
      93.4649     191.4140
     107.7931     134.2731
     119.4577     135.5436
     100.9031     189.3686
      88.6423     185.7486
      98.5586     191.5983
      96.9316     119.0940
      94.4368     198.2883
     125.7185     171.2375
      95.2354     130.8029
     105.3714     140.3626
     126.0186     156.5228
      99.4400     138.6332
      89.9994     124.1319
      83.8939     148.6379
     104.8509     189.7453
     104.8406     194.5577
     111.0580     190.6365
      98.6236     190.5329
      97.1517     181.1906
      98.5754     200.0928
      97.0073     192.2291
     110.8157     149.7906
     125.5987      87.5925
     101.8408     183.6793
     123.3285     175.0423
      94.5729     184.9963
      99.8933     180.8616
      90.0448     155.5388
      90.7386     203.1889
      89.1839     185.1228
     112.9081     131.0939
     117.1247     137.6783
     112.1564      93.4305
      71.9646     143.1270
     116.8258     195.0771
      87.8269     115.8494
      86.3702     141.8627
      82.3346     154.3268
      91.6475     191.1094
      88.3676     153.6617
     111.1885     196.5194
      97.9855     190.4278
      87.9184     149.2731
     109.7707     192.9304
      94.5545     185.9720
     134.5473     128.9278
      96.5308     194.6484
     102.8323     193.3707
     114.1132     141.9194
     101.3596     110.2960
     109.8763     125.2025
      88.3996     131.4586
     103.3177     192.6345
     110.9912     186.1759
      89.5812     196.1422
      97.8949     157.9294
     120.2230     135.4023
      81.4988     142.3056
     110.5624     181.2038
     115.6273     142.7952
     108.6045     207.0514
     104.1045     193.9500
     110.4620     185.7306
      93.0027     146.2850
     115.2886     113.3333
      78.0020     171.8014
     105.3064     194.5814
      96.0319     200.5474
     105.7018     186.4373
     113.8461     134.0441
     108.2018     192.5449
     100.5813     189.6253
      97.0027     190.3359
     104.1550     187.2241
      75.1873     133.6399
      82.3572      87.6719
     139.9078     101.6227
     106.2443     187.1018
      95.8705     184.2519
     117.5360     177.4692
     103.7479     120.6283
     104.7125     194.6886
      89.9963     102.3235
     105.0326     171.8527
      98.6612     179.7231
     112.9983     175.6082
      79.6559     122.3776
      72.2544     137.6320
     113.9199     138.2921
      63.3766     115.7170
     127.8471     123.9828
     102.8899      97.9392
      70.2820     107.8562
      92.8084     174.9583
     105.3329     189.5892
     112.1868     183.2780
      88.9117     190.0010
      99.7485     125.9807
     102.1773     181.6545
      96.8933     182.7517
      93.5527     180.6556
      88.2231     139.3987
     102.1631     127.4629
      93.5023     204.7559
      74.3138     122.7601
     105.9803     194.0254
     100.9101     203.8022
     113.8750     137.1472
     102.1404     139.7375
     128.0128     142.7132
      82.2986     136.8615
      90.5198     112.0322
      89.9572      97.3727
     101.6270     188.7198
     124.9663     142.9139
     103.2621     188.7648
      98.7188     134.9857
     102.7878     129.8679
      96.3495     189.6485
     109.9416      99.0976
      88.9545     189.6242
      94.8611     191.8030
     118.0308     156.6137
      95.4855     122.6104
     102.2231     190.1018
      93.7772     154.9767
      79.7284     138.7270
      73.1804     154.6895
     102.6968     189.6066
      80.8163     142.6639
     103.7311     197.8738
      95.8259     198.4503
     105.5888     115.0226
     108.1255     121.2028
     120.9200     149.1948
     106.0193      98.4470
      90.8631     194.5059
     106.6223     185.7928
     103.7464     192.8121
      94.5472     182.4882
      97.5786     157.5206
     109.4091     121.3700
     105.2643     196.4204
     101.2579     189.4423
     103.8413     195.6675
      89.7930     199.5750
     101.6809     185.1861
      98.2945     114.7628
     118.8302     120.7007
      95.0412     176.6697
      97.3668     190.8713
      97.9515     186.2644
     100.7039      91.7065
      94.8394     194.6496
     133.6271     126.5488
      95.4843     197.4258
      92.2468     181.3856
     103.4217     188.6254
      79.4197     124.5965
     107.3737      91.7369
      98.5745     148.7471
     103.3286     183.7634
     107.3486     116.7324
     102.5312     187.1831
      97.6783     185.2745
     103.2355     129.7451
      95.3656     182.7462
      92.9557     196.4229
     100.1048     193.7290
      84.6649     194.2154
     102.0331     207.4173
      90.2061     149.6697
     106.3627     189.3101
     114.8933     105.7355
     113.3024     191.1859
      73.0636     111.7696
      97.3901     190.8690
     104.1747     190.0633
      84.4362     194.3138
     102.2165     157.3406
     100.9243     194.0739
      90.7019     143.1821
     121.6563     126.4947
      93.0088     201.4515
      84.8244     157.8022
     100.1041     193.1479
     105.4336     128.1494
      93.0998     189.4800
     104.7174     196.8650
     107.0192      68.5041
      88.6998     184.3843
     108.9727     191.7232
      87.2676     123.7060
      71.7951     135.1765
     101.0857     145.7258
     101.4507     200.1458
     106.3545     180.4748
      96.5588     168.2555
     108.9174     185.9814
     141.8275     150.1051
     119.9379     158.9704
     101.6891     197.7567
      88.7940     107.7374
     127.7060     143.1451
      91.4926     156.7935
      77.4249     124.5326
     109.7656     193.5487
     104.7822     133.4751
     102.7090     189.6322
     104.9635     100.1016
      94.1848     191.7069
      92.4567     185.4832
     116.9342     138.6957
     107.7968     191.9087
      71.1902     130.3633
     108.8784     179.4175
     101.9848     188.1921
     102.4481     128.0770
      83.0743     185.9504
      96.6855     196.3828
      83.4547     128.5394
      66.6411     122.8843
      97.3124     193.6488
     100.4842     191.2807
     101.6132     181.0916
     109.6050     188.1486