     177.0777     130.1478
     179.4099     138.9266
     168.9433     139.1425
      85.8918     110.0526
     173.6318     133.7693
     195.6197     121.7328
      89.6832     154.4675
      83.9489     107.8723
     131.9124     123.7673
     190.2875     128.8134
      88.3537     165.1499
     185.8813     145.1780
     117.3953     114.6823
      83.0713     130.8807
     136.1047     166.2607
      94.3848     130.1018
      50.1387     127.4210
      99.1916     143.2400
     133.9690      85.1910
      79.0478     128.1751
     114.8666     132.4137
     100.1895     115.9796
     100.8895     116.5272
     180.5393     129.5243
     189.6567     125.9834
     132.0640     123.7857
     109.6585     160.3944
      85.6824      91.9529
      83.6826     135.6157
     183.0380     131.9773
     183.4217     122.3221
     186.0194     137.0129
     127.3881     129.5790
      37.6605     145.9028
     174.5186     132.3630
      90.6348     138.5378
     173.5058     135.4427
      84.2847     119.9185
      89.7316     150.8783
     127.9784     109.4724
      71.3444     138.6301
     179.9897     136.0880
     117.8730     157.6552
      69.5436     130.3639
     103.0460     121.8271
      46.6344     115.1449
     186.7752     122.0116
     114.5641     162.5692
     105.4483     153.2767
     186.0566     128.5733
      97.6462     128.0716
     174.9890     125.1320
     175.5819     130.0613
     187.3845     133.1050
     184.2514     140.0056
     107.3342     149.7242
     179.2991     134.1600
      84.5724     148.4842
     118.2392     147.4663
     132.6478     121.7234
     184.3529     111.4282
     175.3590     136.1609
     104.1036     114.9112
      58.4393     123.4677
     175.3312     142.0764
      97.4242     149.4972
     171.9232     128.9664
     179.2722     119.7242
     185.5695     125.2845
     171.4639     130.0203
     170.9746     138.6332
     123.3061     142.3148
     100.3587     138.4599
     172.8103     131.7069
     112.4309     157.7278
     180.7809     127.6777
     184.9082     117.2559
     104.1835     124.3614
     188.2840     131.2743
     182.1201     124.8368
      83.2041      78.5373
     180.8106     131.4764
     105.1479     100.2015
      96.7352     129.0362
     132.9730     147.4878
     191.8130     127.0026
     166.1002     133.4570
     100.8882     136.7104
     106.2184     131.3452
      70.0814     161.6185
     101.5562     117.0449
     176.3873     128.8254
     178.2703     130.4372
     181.5628     122.6964
     180.3017     129.5525
     184.7558     125.7427
     102.5408      91.9486
      74.6070     107.6667
     174.8339     133.8172
      90.7339     120.9135
     193.2886     116.9470
     190.6978     132.5615
     179.5798     119.8686
     196.0409     106.8908
     112.7576     180.0268
     185.3496     138.0489
     173.9466     138.0177
     176.0255     128.5101
     184.1552     117.5872
     105.5574     176.6883
     173.2315     133.9761
     101.9388     160.3258
     111.1244     134.2877
     117.9729     126.4492
     178.0597     139.1513
     116.0637      94.5696
     107.2448     137.3328
     180.2143     128.1839
     121.2337     160.1817
      69.4140      89.9273
     188.2047     124.1126
      97.3756     110.7378
     185.1207     122.4925
     139.4170     120.5007
     107.0906     125.8879
      65.3363     103.6042
     179.4196     137.8211
     121.0483     125.8019
     192.4301     131.6165
     178.1314     129.4495
     103.1544     140.3698
     186.9238     133.7196
     188.6464     119.1549
     177.2299     132.2642
      67.4816     135.3951
     108.7144     138.7168
     111.8110     132.3931
     189.2529     139.9522
     178.7927     120.5869
      73.7226     120.3975
      99.0940     135.3219
     107.5758     128.9133
     169.9054     131.9429
      77.7955     142.1413
     165.3888     122.3689
     122.3731     150.6422
     177.9993     140.4808
     181.9949     121.2803
     177.3311     124.1070
     182.2755     144.8220
     180.0954     123.7286
     183.7448     134.9031
     173.0775     130.3097
     135.5700     107.2296
     102.7074     140.8460
      95.4179     148.8041
     181.2228     129.0281
     187.9581     131.1953
     112.2668      92.5730
     173.8771     134.9860
     104.6532     119.4838
     125.6221     121.7028
     112.1716     133.5799
      83.6161     147.5157
     127.2751     118.9761
      94.0918     119.5808
      87.8217     149.5769
     120.6542      89.6857
     187.7764     129.6962
     111.1274     114.6706
     114.1315     116.9190
     180.8404     131.2063
     114.2229     130.1708
     172.8081     134.7551
     176.7164     141.5453
      61.4876     122.4380
     191.8456     141.4636
      74.2013     126.8988
     184.4457     112.5937
      99.1706     113.4561
      89.3205     139.8335
     116.1360     110.4853
      72.0294     105.4071
      93.8908     110.4327
     120.8128     130.9660
     120.9928     138.0406
     196.8882     131.5990
     117.6509     136.3154
      60.7214     153.4799
     174.8387     141.3073
     130.3689     115.0674
     182.5912     127.1048
      99.9788     133.5634
     176.9717     140.9214
     189.5019     127.7742
     188.4286     131.3765
     181.8751     133.4347
     179.7370     129.4049
      95.2539     116.5753
     194.1529     140.0602
      62.3042     114.6306
     160.5403     129.2669
     181.2601     129.2760
     195.3178     130.0390
     197.8485     115.1487
     179.4402     123.0940
     191.0604     119.8463
     121.5089     136.6045
      89.8078     100.5645
      65.2250     129.8081
      80.4908     152.4498
      86.3083     111.5183
     188.8629     127.0162
     123.5429     167.6537
     100.9571     130.7758
     102.3527     108.6631
     115.7374     130.5128
      43.5474     146.2327
     175.5629     136.4927
      79.6994     113.2729
     180.6657     130.2687
     172.9464     119.0237
      64.6786     123.0861
     171.4843     125.4913
     183.5918     131.5918
     102.3817     111.2347
     188.1348     118.4100
     181.8452     125.6981
     184.4920     124.9862
     179.5744     138.0866
     102.8795     128.9642
     165.6042     136.3871
     180.4297     129.1402
      85.5116     131.0462
     177.0288     123.3345
     100.6928     117.8633
      90.4200     161.9930
     119.2024     130.6987
     176.6427     141.8629
      88.5746     127.9390
     186.0909     126.7081
      93.4393      90.7135
     193.2628     122.9027
      54.9837     113.3452
     185.3236     127.8484
      80.8757     123.8994
     181.4928     127.3472
      81.4170     111.4729
     175.2969     119.1988
     190.5110     135.2510
     106.3946     148.6112
     173.5763     138.1551
      92.0578     138.1662
     181.4593     123.7043
      90.8907     175.3669
     100.2838     141.1311
     172.6547     126.4715
     102.0368     137.3141
     135.9644     126.0921
     177.3880     129.5114
     176.1250     140.5909
     181.2725     125.0134
     107.9104     118.9640
     179.1712     134.2125
      76.1740     107.1184
      99.9672     130.0847
     105.0479     116.9277
      47.2684     151.6941
     181.1121     131.8248
      93.3246      99.8264
     172.3035     124.3917
     193.4088     136.3565
      79.6879     118.1669
     189.1842     134.2722
     167.4200     128.0465
     172.9091     135.4350
     114.1790     101.6341
     176.7108     126.8852
     122.5548     140.9986
     184.8332     126.8435
     196.9786     113.5624
     186.1359     118.1756
     178.5343     128.2842
      94.3593     146.9220
     177.9906     122.1975
      91.2125      98.6433
      95.1718     118.6962
     184.8115     142.3266
     185.1720     128.8903
      97.4065     137.9084
     170.6662     124.4971
     178.1354     121.1697
     178.8444     135.8043
     177.8967     124.4162
     179.1705     131.6636
      87.8588     116.1991
      60.9190     128.3122
     101.5914     140.2267
     196.4733     143.4371
     170.7826     120.2183