     168.2332     132.3368
      74.1392     110.7129
     176.4770     111.2541
     105.6040     143.3320
     147.0079     159.8476
     105.0354     107.6890
     198.2010     172.7312
     170.5368     130.8795
     123.4612     154.9956
      93.9827     131.8998
     116.6297     154.2314
     168.6913     111.8165
     163.5011     115.7637
      96.7670     119.2195
     147.5097     113.5400
      67.7489     125.0914
     169.7984     114.5840
      75.6016     125.0091
      84.5580     100.7715
     116.9262     138.4995
     176.8160     126.2928
     182.3768     122.0644
     113.9022     118.9580
     166.4885     116.5866
     102.7126     145.1924
     125.8426     147.4009
     181.9450     129.6547
     144.7234     166.5079
     128.4176     173.5140
     110.8442     141.6484
      84.0385     140.1380
     162.1636     118.3636
     190.7354     158.5178
     208.9549     133.6991
     182.6443     132.7023
     205.6674     147.7437
     207.1718     150.5833
     102.5874      96.8392
      92.5443     116.0525
     175.2605     118.0322
     173.1168     126.0113
     116.8311     137.9320
     185.8138     113.1435
     168.7312     104.9404
     181.8132     140.6638
     166.9077     111.3516
      60.6544      98.9900
     163.8148     102.6205
      97.2529     147.4974
     181.4804     122.9705
      64.8412     115.7604
     105.4133     128.0856
     137.9186     163.5880
     166.8661      98.5532
     143.8303      98.5279
     190.9579     160.7203
     165.4369     105.4812
     101.0390     127.8139
      90.9579      97.5846
     186.3824     131.8666
     129.9232     148.3829
      64.5348     119.7994
      66.5298      96.1903
      97.4636     138.6507
     116.1119     155.0033
     187.7967     129.3567
      82.2076      86.8275
     102.9636     107.5471
     178.6214     136.1953
     243.2692     179.2613
      87.0247     116.5274
     184.6900     143.9695
     107.8807     152.3335
     175.3538     103.6481
     174.9159     142.3556
     196.1932     150.2601
     153.0195     111.6073
     172.6810     107.1061
     206.2899     152.7386
     108.0875     156.8550
     121.3413     146.6719
     151.7217     101.9111
     177.9766     135.0479
     158.9105     108.2980
     159.3256     133.7661
      77.5714     114.2187
     104.0701     138.9778
     198.7829     149.9184
      87.0710     128.0195
      57.8498     104.0346
     147.8299     110.3285
     112.0996     125.2173
     106.8789     140.2601
      81.9341     117.5795
     172.6009     118.1581
     198.1419     125.3795
      82.0526     130.6836
     216.0590     151.1235
      91.9281     132.0443
     170.6401     135.2509
      81.1943     120.3151
     170.7106      96.9977
     191.7742     138.7306
     170.4327     111.2445
      94.0542     109.0905
      96.4659     128.3342
      68.4804      84.6050
     172.2400     123.8210
     175.8130     137.1417
     178.2068     101.4792
      92.0202     119.8702
     216.1631     174.1352
      89.0704     133.8344
      78.6720     116.2357
     175.2249     122.4060
      95.4154      96.7183
     190.8357     127.6132
     122.7860     161.5458
     106.3434     122.9021
     208.6985     160.5545
     186.1822     141.8723
     103.1000     142.9048
     116.3801     155.8559
     172.3606     128.5832
      68.8758      93.1273
      96.8803     131.1383
     151.3636     124.9535
     227.5754     166.8118
      86.0586     140.8698
      97.1455     129.8624
     172.8702     126.1356
     129.6868     144.7281
      98.6574     135.4237
     144.0344     112.0918
     100.8490     130.9669
     168.3193     122.8708
     174.7251     124.7255
      99.0053     130.4299
     170.7762     115.1183
     140.8161      94.5486
     181.4443     133.4665
     211.8899     154.8693
     150.4400     112.5224
      98.2079     120.3107
      83.6022     112.5667
     156.9406     157.2332
     157.4802     104.9133
     175.1157     153.0307
     170.7251     140.1159
     170.6519     133.1132
     219.7284     138.7915
     184.4988     142.3128
     100.7320     117.8710
     191.2617     122.6649
     177.1039     116.6242
     150.3129     104.7263
     110.0552     134.9284
     112.8284     137.0652
     164.9397     111.1776
     176.7458     103.0035
      59.2277      97.7659
     102.9503     116.8126
     206.3764     165.9104
      79.8952     120.6971
     115.5542     117.3429
     197.1381     151.2396
     147.7814     161.9658
      97.6188     125.1618
     192.6782     135.0978
     183.2477     139.0246
     113.8021     140.7876
      94.9597     137.2073
     124.0631     143.8026
     117.2296     132.9644
     124.1418     152.3112
     166.7718     105.6991
     113.9221     164.0409
     197.4355     135.1702
      84.1939     115.1149
      79.3127     150.2716
     106.7768     132.9230
     177.6407     142.7595
      60.5196      94.5041
     188.9483     140.0559
     171.4730     111.6179
     176.1499     155.4597
     191.9813     137.0393
     137.4717     161.3677
      98.5227     119.0758
     108.5511     135.1140
     125.5133     124.4748
      93.9383     123.7605
     168.2638     117.2326
     188.9067     131.8679
     219.4416     174.0568
     115.3378     148.5507
     178.1215     130.9203
     176.2762     126.4507
      70.8716     114.6749
     150.4977     107.3441
     187.9554     121.8663
      71.8126     111.8132
     193.2250     151.5762
     103.5721     170.5447
      94.9984     136.9467
     110.2091     165.0488
     189.2506     145.0384
      83.0381     116.0669
     197.2727     128.0540
     106.6891     165.9993
     103.4358     132.2193
     189.8085     151.4572
      85.2770     128.6750
      94.5466     120.4670
     192.4769     121.1248
     169.1316     120.6231
     109.4387     153.0303
      63.3356     111.9303
     162.9718     115.6194
     108.0741     142.6213
     115.7336     147.5913
     176.7259     126.1861
      87.6877     105.1920
     118.6527     140.6799
      98.9563     113.0722
     143.6987      88.8331
     204.7372     138.5040
     184.5413     147.6601
     199.2482     125.6430
     200.0766     140.9572
     167.4696     114.4165
     186.7845     105.1791
     185.0739     122.0222
     117.6413     157.3417
     100.6305     128.2729
      79.1841     116.5700
      97.1349     145.3621
     125.9122     167.6990
     175.3468     152.2902
     128.9312     133.4209
     207.8897     159.2737
     175.6120     132.1788
     176.4130     137.0765
      70.4737     106.2239
     108.1405     149.7233
      94.9231     110.2339
     107.6515     112.2182
     199.3861     163.0025
     172.7427     122.9457
     168.0611     132.0701
     165.8334     113.6733
     166.5829      96.4795
     178.8985     112.6723
     206.3374     145.8997
     104.3802     152.8413
     101.4459     122.3647
     116.0330     145.0322
     196.0540     156.8563
     169.8938     115.0958
      95.0944     141.1577
      80.1239     135.4063
     157.9164     109.3077
     187.8477     141.6628
     206.4786     145.9032
     165.0995     133.1005
     210.6553     172.8520
      74.5086     116.5530
      87.2523     132.8445
     119.1939     161.9139
     172.6408     116.7825
      76.0008     116.9707
     119.2908     144.7109
     172.9093     117.2859
     227.7443     151.3750
     172.9058     116.8329
     173.0884     135.2103
      95.5237     117.1995
     203.1742     159.2441
     124.8137     172.9625
     211.7057     166.3736
     173.3884      96.5406
     167.8367     113.3166
      69.1989      96.1791
     174.2754     121.9728
     120.5956     131.0784
     183.9706     125.0347
     161.8292     108.3288
     139.6383      92.2018
      71.4063     101.1744
     136.9255     152.1196
     163.1107     104.2788
     145.9265     103.4798
     188.7586     136.5090
     101.2895     125.4302
     125.1995     139.3190
     128.7610     146.8432
     174.7123     131.3457
      61.0564      93.2742
      94.2117     110.3271
     102.6458     135.6429