      90.5005     119.5618
     152.3364      91.1992
     164.5026     131.0404
     135.8150     162.3457
     147.4206      93.4028
     132.7404     175.3105
     164.1023     109.3323
      91.3984     139.6907
     165.7754     103.6314
     147.2095     208.1166
     159.4683     126.5487
      95.0513     117.5659
     179.8447     138.4368
     133.7067      70.5856
     183.0304     150.7144
     201.1965     153.6149
     179.7683     148.8047
     183.5805     155.4313
      93.8437     120.6258
     164.2275     140.3135
     130.8526     159.4681
      79.9613      96.2348
     171.3849     143.0138
     109.5912     170.8707
     161.3568     127.2940
     103.9963     132.4172
      82.9230      95.8448
      97.4929     149.3813
     192.0279     167.1651
     113.4423     137.2144
     117.7650     160.0714
     107.9730     152.3238
     128.6497     163.2337
     193.9465     173.3387
     151.0142      71.8088
      89.0992     113.0473
     185.3403     145.4663
     187.0041     159.1935
     163.0066     135.8208
     111.7842     151.6740
      78.4861     111.4909
      95.9265     150.8102
     180.6540     129.6312
     107.5923     141.7086
     134.8113     158.9570
      83.0203     107.7599
     127.7620     158.1106
     200.3241     175.2347
     188.2712     135.2848
      94.0026     134.6366
     145.7041     104.7403
     111.3814     161.9659
     105.4648     133.4510
      72.8324      90.1089
      88.5975     105.8770
      99.2974     130.0857
      90.2365     118.0493
     174.1857     151.3651
     164.4945     125.7129
     149.6561     101.0791
      76.1494      96.1180
     161.7686     106.5285
     156.4997     115.8869
      85.5181     114.6347
      80.4668      97.6856
     108.9529     139.0223
     114.7424     131.5780
     107.2348     133.9155
     177.5549     127.1656
      67.9701      82.6188
      89.4621     129.6521
     186.5846     110.0846
     143.9915      86.4808
     166.6688     142.1716
     143.1116     108.6838
     215.1952     186.4535
     130.8826      77.7211
      77.3734      84.2853
      79.1486     120.6073
      82.7814     119.7430
      89.9771     112.0750
      77.6856     113.1477
     224.5190     167.7244
     188.6112     157.2730
     201.6633     178.6137
     195.2335     155.7832
     143.4925      60.1700
     140.4713      89.6429
     142.4182     111.5519
     130.5275     182.1219
     201.4997     185.1355
     189.9015     150.1598
     168.9959     129.4827
     188.5214     169.6600
      80.1680      94.9459
      97.9281     120.8566
     181.7777     127.0185
      94.6152     132.3864
     223.4716     187.9051
     104.8436     131.6368
     199.4360     183.7738
     157.5092      89.6310
     143.0647     100.8873
     147.3940      97.1134
     184.6313     121.4184
     138.1361     201.5678
     168.7541     118.9448
     124.2834     171.1500
     201.8224     152.7065
      89.4262     150.3735
     144.7431      80.3679
      99.1474     115.6999
     103.1706     142.6885
     108.3640     146.6974
      93.9689     110.4462
     179.4103     139.0999
     146.4364     189.3999
     104.6132     137.4522
     170.7241     163.6585
      57.6260      68.5305
      75.2445      91.3643
     177.5453     151.6772
     177.9773     120.8637
     105.3270     141.1936
     145.7916     111.6010
      92.9976     129.1303
      77.1706     103.4813
     162.2949     123.2721
      85.5032     126.9887
      61.3772      75.0188
      85.8217     101.6634
      52.0305      61.8534
      59.4554      76.8727
     164.2818      99.9964
     167.9477     116.0487
     117.4551     126.7500
     143.4216     108.7446
     175.6217     141.1818
     203.8820     187.5496
     173.9193     133.6977
      98.7838     133.1098
     140.0336      91.8285
     185.2362     168.7378
     174.0404     119.1527
     132.5817     159.0311
     184.9249     167.5798
     152.6466      84.0328
     171.0998     119.2873
     222.6999     220.3732
     173.4244     147.1543
     131.0541     164.8214
     166.1553     117.9360
     159.4406     115.5586
     163.0070     130.9854
      95.6526     136.8175
      90.2877     111.8408
     123.2505     177.5618
     127.5176      79.6981
     138.4783      83.8916
     202.1108     167.6370
     158.9661     129.7071
     180.0695     145.8167
     168.2011     122.3876
     223.7492     208.4116
     101.1426     126.6836
     184.1172     157.1436
     135.6794     167.4933
      96.9385     123.3246
      97.9876     143.9118
     173.4968     138.9802
     180.5744     147.7268
     138.0927      70.8332
     142.2707      99.4187
     109.7180     150.9861
     169.6417     109.8734
     158.4615     107.1651
     115.4485     141.4184
      95.1217     141.7659
     130.4544     160.3965
     190.4790     135.6062
     165.5766     128.7420
     105.7559     144.7311
     174.3453     120.3686
     125.8146     186.6071
      60.2166      70.7080
     163.5339     132.1780
     151.7168      86.7466
     174.7777     128.2033
      91.6318     120.7173
     112.3338     130.6790
      82.4577     120.8237
     159.5050     111.3515
      96.6826     137.8357
     107.8746     127.7860
      84.2365     101.7660
     131.7436     180.5289
     155.6712     107.8674
     146.0938      93.8939
     142.0233     196.7361
      78.4064     114.9500
     181.3720     143.6883
     180.8726     162.7163
     206.6666     206.2429
      72.2313      78.9156
     129.7852     158.7563
     159.4789     126.9358
     125.9096     186.0914
      94.8959     119.3652
      91.1121     119.2956
     107.0240     147.3680
     180.1566     133.7634
      96.1055     123.4007
     194.9544     183.2538
     196.1733     170.8893
      99.9907     142.0899
     103.9506     138.3779
     144.6579      78.4632
     105.3850     121.4642
     151.2141     183.8497
     120.1853     180.8557
     184.2083     143.5942
      91.9839     129.0216
      73.2187      57.3498
     169.0360     134.9964
     150.1991      99.2831
     160.0952     129.3559
     105.8265     150.4250
      99.9641     127.1086
      80.8493     119.8693
     103.9362     126.1033
     182.0900     128.3020
     172.3731     118.6204
      79.7311      87.9942
     171.1121     134.6822
      71.7481      99.2382
      82.2477     118.8272
     124.7145     166.1591
     130.7487     174.4181
     213.5544     191.4757
     184.0394     135.8804
     117.9537     146.5565
     110.2780     124.2385
      77.3699     100.2717
     158.3862     103.2677
      89.4084     105.4823
      53.3080      55.0685
     102.7522     150.7125
      74.0705      74.8027
     187.5444     145.3361
     176.7751     128.5397
     139.3943     189.3129
      84.6488     124.6193
      76.4372      86.7279
     104.1926     158.6786
     107.7850     137.0328
     173.6898     129.4834
     128.2403     184.8400
     153.5833     126.3149
     162.9991     123.0220
     103.9145     156.5634
     171.4520     151.7970
     108.2246     140.8201
      85.6563     108.7228
     187.6732     157.8922
     101.5149     144.0287
     149.7906     136.1033
     167.2896     150.7163
     178.4228     133.0679
     101.7550     147.0826
     171.2928     125.7952
     136.9416      89.8352
     153.3935     105.6463
     165.8386     122.9466
     201.7044     168.7625
     168.9575     126.4069
     181.5537     141.5420
     179.6529     161.6645
     124.2674     168.5524
     167.6697     161.2619
     175.9631     148.0692
     192.7046     163.9404
     178.4078     150.6391
     160.5989     131.6129
     177.9206     132.5492
     142.6413      97.1839
     140.0745      85.9338
     143.8914      87.0374
     179.2203     140.7198
     146.1175      98.4803
      60.3547      75.2704
     182.7581     125.0744
      92.8065     133.8956
     112.1677     155.3024
     157.4218     105.4673
     163.6916     114.9066
     105.0361     129.3515
      65.6774      88.9504
     164.3889     127.1316
     102.6713     126.6360
     173.5065     129.7005