     148.5903     151.3730
     100.9684     139.7960
     121.8135      82.1626
     131.2859     118.5550
     111.1232      77.5328
     124.1416     103.7501
     123.3135      88.9198
      98.2678     110.1390
     142.0813     123.2116
     129.2007      92.6015
     131.5263     124.3245
     121.5467      91.0898
     138.5470     133.3205
     127.5430     109.1084
     138.9697     145.0663
     128.7000      92.5505
      72.0656     130.3420
     109.0857     159.1562
     124.1705     109.0160
     122.7604     103.8630
     123.7983     178.3343
     104.2695     164.2458
     137.3886     136.2502
     122.5912     110.3290
     104.0510     178.4410
     119.2803     103.9903
     130.4512      94.0285
     100.3200     161.5856
      97.1297     122.8131
     120.3156     104.8495
      94.5167     126.1342
     126.4484     114.3452
     136.7047     125.5649
      85.8001     128.2491
     120.4639     104.7887
     116.4433      72.4452
     107.6770     108.9311
     101.2679     117.3656
     139.3782     106.7024
     121.2051     157.6908
      92.9061      79.9130
     112.9076     147.7351
      59.5099      59.5172
     115.5545      79.2364
     100.6959     114.5840
     137.1825     104.4577
      87.7208     121.0902
     124.4725     182.8300
     136.3342     117.9353
     134.4481      99.9831
     129.0259     107.9432
     135.1604     134.1764
     138.6534      97.2675
      83.9359     103.3988
     135.7073     128.8539
     118.4752     162.6953
     145.2801     129.0833
     147.9776     151.7298
     113.9251     116.4998
     136.6004     107.3094
      64.3679      86.2871
     136.3403     128.9293
      87.2201     102.0003
     101.2853      98.3335
     110.0806      91.8028
     128.9933     154.4882
     142.4734     142.0771
      89.6925     103.1742
      99.7984     101.7262
     123.6172     193.3874
     149.2606     134.7868
      61.3748      31.0974
     127.0199     101.0688
     130.7702      89.8903
     149.4046     128.2490
     116.6323     151.9967
     126.2895      77.5729
     138.0468     100.8022
     125.3797     103.9031
      98.1216     134.3268
      75.4627      71.1718
     100.2721     132.1227
      81.6245     117.6864
      92.8688     128.7004
     139.8320     146.6743
     148.5881     145.6244
     120.7199      79.1807
      92.1811     122.5340
      97.7805     101.5612
      86.1450     101.0310
      89.3684     118.1882
     130.1000      84.4626
      97.1157     124.5487
     120.5663     137.8088
     126.4196     114.1579
     119.8558      90.0604
      91.5515     139.3370
     130.6674     114.0201
     138.7715     101.5953
     117.3936      73.2237
      85.8866     109.0290
      80.1035     101.4860
     137.3136     138.9111
      83.7258     103.8220
     126.2765     180.3829
      67.4954      36.8012
     102.0759     120.2978
     110.4679     152.6914
     122.3308      87.1903
      77.0641     115.1263
      67.2916      82.9449
     123.9369     169.6906
     121.2370     110.3684
     115.7389     139.0520
     141.4473     125.8145
     117.5907      89.6063
     135.7265     130.9971
      97.9988     134.1878
     140.7877     147.0116
      78.0399     108.4836
     137.9741     116.5651
      75.5487      68.3059
     101.0387     108.5779
      91.7958     114.7707
     141.3890     127.6610
      82.0098     100.8357
     133.8331     108.7836
      90.5450      91.1130
     106.2561     162.7239
     117.7194     118.0667
     122.1542     179.7318
     140.3372     119.0306
     121.3757      95.6660
      86.7244     147.9519
     113.6378      91.5724
      91.2406     115.4364
     115.1083     168.2034
     140.2291     120.1914
     121.9357     143.0184
     115.0325      80.9815
     119.5407      95.4688
     156.6302     158.1525
     116.9209     132.4011
     115.5924      74.5071
     126.3844     130.8161
     132.0533     184.4546
     130.0256     122.6443
     123.9866      88.8790
     139.4365     114.3936
      93.1854     140.4012
     122.8821      94.2440
     122.3011      89.1458
     129.3137      94.4409
      58.8854      71.6292
     139.3152     122.6385
     114.5951     130.0297
     109.4995     113.9643
     105.9374      63.2029
     126.3333     106.0045
      88.6977     144.2371
      83.8258      76.1937
     127.0472     110.1297
     130.6458     124.3671
      92.4365      82.2045
      90.1451     106.7185
     118.7940      64.9646
      96.3984     118.9840
      62.2941      59.7871
     112.0874     183.5418
     137.8975     116.1555
     116.9095      78.8848
      78.2189     135.9170
      90.0601     124.3205
      83.3527     119.2743
      81.8967     133.5683
      79.8946      80.9850
      94.2092     180.7149
     123.3640     113.6579
     101.6018      93.3393
     107.6307     161.9776
      82.6147     117.9346
      97.3234     103.9801
     102.5716     107.5521
     125.8174     124.4465
     145.7508     131.0762
     136.9289     130.2999
     133.0632      94.5863
      86.4473     112.3966
     126.6508     102.6990
     120.0874     101.4983
     139.1496     209.6050
     101.6719     105.2552
     138.8377     140.9590
     108.7909     156.5209
     137.3341     146.0951
     141.6933     147.9592
      81.9819     121.6306
     140.0125     111.2803
      87.8667     106.0240
     107.3419     167.7193
      94.3617      42.7685
     114.9064      72.5260
      95.3012     145.3609
      74.7857      91.9364
     109.9483      83.2381
     118.4977      71.6559
      70.5910     110.1374
     128.9509     109.9374
      96.6761     114.7775
     116.9042     180.0263
     133.6399     188.0959
     129.3715     115.1704
      98.7630     125.3687
     101.8825      91.1973
     117.0682     192.1976
     129.0804     156.7961
     100.9336     118.2885
      96.5371     114.0795
     125.8218     113.2274
     121.7116     111.2493
     103.3555     123.1388
      69.1199      57.7934
     123.6322      92.8818
     136.3831     114.6899
     130.9272     107.8149
     129.2381     181.5850
      73.0036      62.8630
     119.5200      96.7769
      66.4404      79.6520
     100.5327     197.9667
     135.7893     102.8984
      84.0621      97.3374
      88.1626      87.6596
      84.1910     109.3996
     151.6577     148.5989
     117.6749     108.2085
     136.5416     120.4737
     111.7522     148.7745
     132.7060     110.0409
     100.3263     156.3688
     114.0052      81.7281
     130.2375      96.6718
     123.8339     101.6374
      97.3645     124.3654
     141.3197     194.1653
     131.3662      95.9632
     137.2068     111.9270
     118.7891     102.6164
     127.8330     108.9064
     129.6541     112.8094
     127.9944     107.4212
      43.7125       9.6893
      67.8404      59.5949
     110.8820     158.4881
      86.0342     134.8676
     115.5808     109.2201
     141.9112     132.6120
      86.0700     132.7222
      99.8317      96.7746
      91.2055      79.6949
     115.0601     162.2190
     125.9468     114.5554
     108.9012     146.5672
      99.0945     144.9405
     116.7705     123.0541
     116.3796      64.7326
     111.2776      71.1793
      86.6022     124.9363
      70.4859      99.9563
     130.7220     126.9744
      83.0052      60.2772
      63.7877     110.5730
     121.2955      97.5438
      77.2692     102.2906
     129.8763     116.2494
     135.6793      83.9223
     107.8662     115.4510
      99.5269     124.1839
     148.9080     133.6976
     138.2718     109.7245
     112.3522     141.7382
     134.9452     120.3642
     125.5381      90.1233
     148.8038     161.9327
     113.3508     143.9136
     108.9519     128.3323
     121.7857      99.9937
     136.6898     130.3774
     136.3800     126.3786
     101.3963     112.4503
     130.4653      83.1656
     113.7140      85.2670
     123.6993     150.6313
     133.0353     100.6311
     116.8388     173.0709
     142.7252     125.1868
      86.7858     135.0723
     141.0103     128.0617
     137.1173     116.5925
     104.1335     129.1608
     112.8457     168.6252
     108.2846     186.8932
     130.3968     125.5329
     150.4603     146.2819
      81.6007      59.8850
     122.7274      94.8718
     120.3295      89.2132
     141.7222     125.9094
      71.6919     144.0829
      95.8290     123.7591
     111.8322     136.4051
     129.2612      86.9377
     129.1319     100.7392
      78.2554     120.4233
     130.8685     116.5478
     127.0415     131.1758
     135.4358     125.3561
     117.8775     100.1531
     135.4438     132.7087
     144.3610     121.4458
     126.9901     109.4585
     101.2114     130.2367
      82.8924     120.3588
     127.2382     107.6300
     101.2727     149.6662
     135.2982     129.2269
     101.8713     133.8508
     132.8580      77.1646
     119.1841     127.6105
     114.3816      92.2073
     127.7622     115.0095
      74.9134     130.2189
     133.3479     116.9192
     138.7811     116.5041
     129.9865     101.4836
      98.9362     140.2018
     112.8283     125.2652
      85.3345     107.2287
      91.3842     103.2716
     151.9418     180.7239
      99.1469     150.2516
     129.6031     100.6376
     116.5164      78.2004
      95.2870     154.3401
     129.9839     103.2102
     123.4918     105.0839
     101.6308     109.4251
      98.6852     124.1913
     118.7098     103.4838
     136.9932     102.9353
     131.6971     110.4882
     138.4445     131.2306
     129.5563     106.7974
     116.9265     164.6640
     116.3675      97.2085
     123.4223     201.0541
     100.0637     153.9478
     111.0151      70.7606
      72.3606      83.2348
     129.4587      96.6759
     105.5708     156.4429
     100.4785     179.1152
      85.0895      97.1423
     137.6231     118.8656
     114.3638     174.6338
      86.3484      94.3151
     126.2107     110.9929
     141.4774      93.5016
     152.9039     127.1133
     126.3098      98.2273
     131.4896      92.9461
     103.5521     149.2389
     136.2226     121.6655
     127.9495     200.4738
     142.8462     139.3943
     131.5023     117.1025
     132.7580     135.5137
     138.4054     142.2758
     139.4501     135.3508
      96.1899     116.0208
      92.5951      81.7402
     143.9308     140.6657
     122.8748     154.3581
      70.6137      51.9237
      74.4436     130.3932
     113.9231     170.4114
     123.6442      72.6864
     130.0178     114.4851
      86.3025      92.5992
     118.0783      73.3854
     127.5761      83.8766
     113.7637      89.8954
     103.0314     128.1358
     127.0224      96.4552
      98.7903      91.3015
     130.2257     106.2203
      89.3472     170.9885
     118.4050     152.5118
     102.1778     121.7214
     111.1644     141.8847
      96.6212     157.4050
     134.3374     107.7043
     144.4679     137.1619
     103.3412     116.2056
      91.5854     109.0486
      61.5003      25.1951
     113.8920     160.4521
     132.2259     119.3163
     128.9815      99.5812
     120.4261     140.6179
     145.7332     145.7168
     126.7419     107.5596
     122.0434     161.2820
      99.0652     124.3495
     150.0541     157.4684
     133.3486     127.7737
     134.8874     104.7153
     105.9233     117.3460
     125.1182      82.5938
     110.0907     108.5749
     119.8245     119.9888
     103.0230     131.2213
      85.2353     107.4121
     132.3809      92.8285
     131.0961     125.8753
      81.2364      67.6827
      96.7323     157.7247
     120.2182      88.6999
     130.7864     101.4127
     134.7607     209.1518
     138.7115     117.9731
     112.7935     167.0284
     136.7757     212.6004
      68.4679     100.6771
     111.1010      83.9510
      94.7876     140.1910
      97.0770     134.1272
      82.6634     123.3889
      59.1161      47.3291
     121.0154     200.1461
     132.7166     114.5405
     117.3270     161.3470
      95.6437     123.1526
     127.6538     111.6717
     124.1238     105.8197
     127.2298     175.9578
     129.9253     127.2175
     104.1197     143.8469
     116.2460      97.6758
     128.3481      98.3953
     125.9073      82.1300
      92.1623     132.8316
     156.0694     213.7678
      63.1010      93.2959
      68.6116      31.5475
      70.0757      56.9028
     125.0909     105.8838
     135.4357     128.4250
     127.4939      79.3130
     131.4688     111.1425
     143.2902     124.5565
     108.5154     162.4322
     119.5084      88.3514
     126.4701     210.4595
     123.3382     196.1247
      86.0376     127.5793
     141.7507     180.9173
     144.7313     147.5613
     119.6278     195.6346
     141.6699     132.2631
     139.2359     137.0700
     127.9766     119.4585
      99.9676     138.7911
      95.8929     153.8319
     116.5112     141.7358
     131.8199     134.0263
     126.3454      94.0562
      87.0259     104.9373
     125.2018     100.0277
      84.9029      65.2080
     130.5866     117.2556
     116.7023      87.4569
     148.4566     145.6563
     117.3501     159.5954
     115.9716      96.1146
     124.3167      85.8240
     119.6794      92.9941
     119.0904      91.4311
     130.1532     108.8046
     118.8486      82.9196
     109.6119     147.6440
      98.1109     144.0251
      52.3022      71.5364
     101.1462     116.9333
     118.7870     151.9374
      93.4172     145.9454
     140.1201     107.8844
     114.6985     109.7077
     127.7282      98.1149
      99.2313     111.3614