      98.3015     121.3688
      81.7889      65.5788
      98.9386     125.4711
      94.0988     116.4324
      65.7607      75.3327
     153.3302     118.2168
     158.6324     122.7756
      93.9742     140.9186
      92.1869     149.4677
     152.8829      85.1524
     151.8285     114.6862
     154.3903     120.2897
     128.1168     143.3242
      44.1909      26.2896
     126.1040      66.9690
     150.5728     134.3169
     132.2122      87.2888
     141.6845      81.9121
     135.9125      83.5646
     145.1646      95.1077
     158.9363     133.2928
     100.8796     122.9641
     147.4428     135.1312
     114.2658     147.1112
     101.7222     127.0375
     130.0962     178.5606
     100.2688      93.2979
     141.4452      85.1987
     151.2958     126.2931
     145.8949      97.0491
      98.1438     111.0720
     171.0275     144.0649
     145.5692     111.7878
      97.4478     161.4489
     171.8348     177.3785
     100.1555     124.7324
      97.3241     143.2097
     164.6092     126.5482
     101.9303     120.1293
     145.5533     114.8185
     154.1954     126.6302
     150.4895      92.5517
     138.3390     110.9901
      98.3765      97.0592
      91.9525     171.0498
      79.6484     133.6041
     109.6549     186.6907
     160.3757     118.9740
     120.9477     159.3506
     145.5321     124.1139
     147.0439      88.9763
      95.7332     133.8723
     155.8221     130.8801
      86.6694     149.7556
      76.1993     124.1374
     148.9776     117.3595
     154.4662     116.5518
     151.5524     113.2207
     135.2574      96.1957
     138.6082      95.3143
     120.9692     138.5938
     103.2177     169.4893
      82.7244     109.8925
      82.6771     123.8910
     158.5309     135.5531
      91.0796      74.7154
     159.8077     118.9500
     150.3234     125.2791
     133.2551      82.8440
      74.9766      57.8770
     141.3766     171.2565
     116.7070     135.2664
     145.8921      83.0670
     122.1140     185.8561
     157.7597     104.8660
     152.4460     125.8049
     129.0127     179.7514
     165.8977     128.4529
     146.5759     111.5068
     153.0782     114.6610
      93.2666      92.7351
      72.6261     102.0396
     136.9491      78.1457
     159.0497     130.3285
     157.9728     148.2294
     147.1472     116.9004
     113.0079     126.3613
     117.8113     136.7508
     152.3317     124.8486
     127.1487     153.2609
     144.1707      92.2443
     153.5303     118.6421
     128.1363      72.2131
     172.0923     148.5124
     143.3362      82.3980
     120.7724     136.9042
     132.4583     107.9153
     148.6160     113.2458
     127.2930     164.8534
      98.5990     114.8567
     102.9686     160.8780
     146.0934      85.2814
     152.3762     135.2066
      92.8616     139.4867
     159.0064     123.1128
     128.6757     189.2597
     160.1908     245.7231
     127.7018     157.2286
      99.0573     127.4228
     157.1607     118.2948
      94.4182     163.1176
      87.5708     148.3813
     129.4378     151.9736
     150.4894     120.6947
     160.6195     126.1735
      89.8193     105.8455
     151.2936     112.7983
     153.7595     123.2771
      76.4310      96.5790
      86.2048     133.6620
     140.6225      93.8338
     128.5035     165.8479
     152.2684     107.6821
     151.6226     110.4782
     127.9706     186.9097
     158.0080     118.7566
     152.8469      99.9220
      99.3798     114.0443
     135.8673      65.6057
     156.9614     128.5594
      75.8814      79.9057
     147.2671     116.0331
     119.7227     180.8628
      95.8651      97.1856
      75.0168     152.9593
     115.8543     167.3306
     163.7648     141.5167
     158.2736     120.7514
     112.7265     153.2875
     156.4523     147.3913
      98.0057     136.5072
      72.1021     101.9613
     121.9520     188.3182
     164.2644     130.4636
     114.9548     139.5115
     166.5448     204.0716
      90.5548     141.3021
     152.9868     116.0411
     154.8923     116.5660
      91.3056     102.2985
      92.7248     108.2038
      93.7543      78.4056
     109.8617     138.2049
      92.6996     148.9129
     138.1218     189.8314
      82.8725     113.8503
     136.5647      80.3739
      85.1651     114.4282
      54.7960      15.5764
      91.8072     117.7042
     160.4413     119.3830
     102.4150     150.7597
      92.2954     108.6345
      85.7726      99.6564
     123.4365     195.0408
     108.0599     117.7198
     100.4385     154.2708
     133.5539      95.2682
     160.5963     134.6096
      95.4603     134.7071
     149.4426     104.9992
     119.3861     119.6740
     167.1752     126.1222
     148.6790      98.7760
     108.1962     132.0656
      96.3388     107.0702
     130.3251      87.4560
     142.4120      89.4245
      79.5738      86.9662
      97.2842     144.3112
     127.4731      73.6443
      90.8035      66.2656
     159.6830     145.4462
     132.0352     108.7179
     158.3824     123.4312
     117.4783     199.9893
     163.5404     142.3245
      88.0073      89.5270
     109.9031     146.8105
     107.4426     122.7032
     134.1464     130.2768
      92.2980     130.2995
     140.8673      93.1880
      96.5307     162.8008
     151.2511     119.5482
     164.6623     140.3474
     159.1366     122.3046
     142.4687     219.1060
     134.5590      82.3798
     145.6102      94.7959
     143.0146     122.4235
     150.5800     109.1660
     142.0455     109.2695
      95.7204     130.5453
     110.8069     136.1938
      99.3272      90.8393
     147.8163      98.0277
     145.3441      93.4708
     110.6020     137.8806
      84.5017     105.8255
      66.7050     112.8950
     148.3612     105.5236
      99.0633      82.3346
     135.7864      82.8654
     141.1376      87.7230
      86.6095     154.6170
     102.8271     148.6537
     155.2013     126.6320
     147.8260     125.6457
     175.9228     132.0572
     150.6069      98.1086
      97.6066     113.8437
     155.6727      86.3061
      79.8989      74.5839
     157.6373     128.2204
      92.0857      88.7038
     108.1313     163.8552
     145.7250      97.2788
     130.3924     175.3965
     162.5072     137.7368
      88.7948     149.7219
     125.6401      92.8478
     135.5516      72.1649
     155.8394     126.3035
     148.8571      95.8267
     139.9170      84.1426
      71.9909      91.5496
     126.0277     202.2912
     101.4736     114.2308
     160.2560     133.6445
     111.2468     126.0061
     145.8746     113.2769
     110.6763     167.4193
     140.9261      99.3481
     141.3127      85.2283
     153.3912     118.4046
      91.0521     108.9475
     143.4309      92.4927
      95.1398     150.4699
      88.0891     120.6250
     175.7074     135.1421
     125.5866      75.3724
     132.2042     105.2842
      78.6895      95.9253
     145.4395     113.5836
      75.3845     107.9068
      86.2652     120.9437
     103.1045     150.5680
     106.8282     199.1460
      88.3339     105.6886
     107.4379     151.5419
      98.2977     123.4395
     169.9674     118.1077
     154.2824      94.6070
     156.4152     126.8617
     147.8617     113.3991
      85.0673      67.1720
      81.9600     104.5162
     137.0382      96.3274
     149.5064     118.8468
     140.6875     103.0303
     166.9785     140.4226
     121.2740     191.2155
      87.6722     118.4219
     159.8262     113.1709
     142.8960      89.5813
     147.0446     114.1259
     105.2061     175.8616
     148.0956     119.7951
     149.6003      99.8659
      81.3300     117.7360
     152.9750     103.5255
     109.8683     105.7575
     147.7859     109.3466
     145.2012      84.7503
      88.9314     131.1481
     152.1421      97.1474
      86.7843     135.3297
      71.8571      88.6463
     109.0802     180.2093
     148.8074     117.8115
     151.0586      85.4469
     100.3188     128.6597
      92.3675     104.6272
      82.0880     104.4140
     136.7655      89.0670
      57.5597      48.9364
     160.3045     135.0114
      71.0969     111.5085
     135.5253      92.4254
     147.7755     108.8110
      71.5667      59.9850
      88.7532      80.9966
     144.5958      92.9965
     118.3382     159.1792
      57.4326      42.0626
      81.8607      85.7406
      75.3095     118.6735
      96.6479     112.5390
      81.6917      99.0905
     163.8819     131.3276
     103.8143     104.6523
     136.8819      75.6474
     106.5521     182.7586
      66.3635      54.7215
     114.4290     173.7058
     136.2216      93.7075
     151.0369     112.4802
     134.8308      78.4685
      92.0120     108.1928
     108.4070     164.2267
     105.6422     135.0177
     137.4530      99.3057
     120.9473     196.0585
      84.4318      42.4462
     115.5500     160.2546
      85.4186     123.1452
     144.1352      99.7375
     135.6803      81.8460
     136.6024      83.2832
      67.4181      79.9425
     121.5435     190.4291
     145.3344      95.5857
     153.4204     126.0167
     103.1242     129.3303
     142.2285      98.3954
     141.0516      98.1459
     128.4746     164.9158
      99.3634     129.8511
     143.2229      61.8799
     121.6691     112.4491
     138.9632      81.0092
     100.5062     122.9556
      93.5144     103.9320
     115.2647     165.1300
      65.7542      96.1348
      77.5777      91.4396
     135.4485      84.8436
     111.0831     133.2805
     153.1978     114.9233
      73.8832      98.1580
     119.5228     169.2049
     143.9057      98.5095
     106.2497     148.5177
     152.4626     117.7621
     162.4976     134.4377
     106.0917     106.7476
     151.6834     112.7331
     110.8673     126.2973
      95.8030      69.3341
      98.8607     112.2079
     132.1977      59.5302
     156.2083     120.4328
      60.4829      75.7818
     114.1143     126.7521
      80.6162     143.4826
     149.1849     112.4466
     115.7392     182.2011
     148.0235      91.4876
     107.9088     140.6356
     150.4163     106.0391
     135.2379      95.0503
     145.4817     113.6283
     118.0288     190.7351
      81.0605      55.3949
     128.0852     135.2063
     142.5645      77.0847
      96.1458     133.0981
     101.2189     124.9739
     116.6548     191.0874
      83.2885     103.3260
     146.1043     115.5341
     115.2163     146.3317
     124.0341     175.3075
      70.3677     116.4546
     144.5052     103.5735
     166.6808     117.3156
      89.7684     114.8253
     110.0028     128.6668
      73.7912      56.3759
     148.9668     116.2285
     126.0670     154.8259
      81.0034      95.7600
      95.7842     130.9542
     141.7970     111.6040
     150.1498     122.7289
      90.0079     124.6633
     157.3550     112.7560
     142.7328      99.2050
     113.6116     131.0720
     162.2523     129.1248
      83.5630     117.6109
      67.1420      64.3594
     130.3244     149.6094
     106.5374     130.6614
      79.3801      93.3334
     139.0811      84.5621
     149.1331     120.4582
     120.2388     186.3487
     139.9862      95.8076
      90.7853      81.9285
     120.9928     205.7037
     141.7979      88.1193
     152.3561      98.4627
     137.9609     180.9449
      92.5853     133.0153
     137.9477      78.2227
     150.6421     128.1624
      83.6821     132.2006
     108.9364     151.2072
     151.3629     117.9282
      91.3103     104.8580
     152.7078     118.3742
     145.8629      96.3886
     149.9776     100.4283
     115.4735      83.2585
     135.6337      80.7471
     155.1164     119.7702
      82.0370     106.7105
     105.8665     143.8902
     121.3788     178.8761
     152.1260     132.1039
     160.0116     129.5274
     162.8706     141.9595
     161.9310     148.4574
     140.1031     102.4827
     155.5288     135.5017
     107.4083     136.7468
     163.2673     119.3899
     149.0129      78.0972
      95.5246     131.0658
     149.1474     116.8699
     139.0608      83.6785
     152.7022     114.5448
     127.4661      75.0492
      90.8067      96.9353
      90.0159     104.8340
     158.7825     142.5002
      92.4303     117.0422
     103.1973     187.9167
     147.8697     148.4379
     102.1217     150.7696
      98.4569     119.1983
     159.2026     101.2898
     150.8637     108.1791
     150.6636     103.6735
      82.6911     129.2793
     100.5946     110.2941
     149.0217     131.3399
     148.4194      91.7893
     143.1596     109.8690
     167.1415     134.1905
      74.5070      99.4366
     148.6822      89.6708
      95.9409     146.3965
     147.2529      94.4615
     159.4535     153.9629
     128.8905      64.4712
     153.9090     118.6302
     146.9381     101.3890
     143.2169      89.6672
     103.0081     173.9962
     137.5800     107.9847
     147.2726     108.1998
     136.9465      73.3249
     161.6923     138.4939
     102.4761     145.4983
     103.8628     137.7151
     141.0163     129.2625
     100.8795     143.4491
     106.1875     155.6631
     168.9111     147.2249
     107.4878     134.6404
      95.4368     127.6751
     159.8699     141.8453
     109.6680     184.2148
     162.3015     145.2288
     149.2779     104.6359
     146.8579     109.3640
     159.1765     121.0542
     178.5218     162.1192
      61.5010      36.2400
     151.8801     211.4201
      76.6815      89.9414
     149.8243     112.7256
      83.9234      61.5858
     108.0215     176.1569
     154.0428     126.0152
     155.5205     108.1807
     156.0271     121.9434
     154.5998      98.8484
     128.8720      84.6136
      82.6205      81.6406
     106.1462     106.0616
     149.9928      99.8015
     158.8409     125.6287
     160.0381     126.4372
     131.6308     168.6496
     147.1506      93.0861
     149.3386     116.2121
     157.0368     127.9154
      97.4132     172.7822
     107.7013     121.2824
     107.1836     155.2264
     142.7205     162.6906
     155.9378     117.5520
     141.7265     101.6565
     106.3867     153.5001
     104.5437     128.2772
     147.0114     112.6348
     151.5543     119.6697
     113.1649     178.8622
     119.6514     189.9003
      84.2900      99.5146
     151.7572     127.4130
     150.4566     127.4796
      91.0004     123.1966
     148.6551     120.1248
     149.3676      94.8933
      48.9368      37.2929
      93.4593     111.5885
      98.2546     196.0631
     139.5646     103.6441
     158.3184     137.3030
     132.0354      71.9049
     155.3593     129.8922
     151.1939     124.4172
     148.1447     100.1772
     150.8732     127.1514
     150.6538     121.7909
     112.7134     157.3507
     141.9264     115.3448
     167.4510     145.8996
      88.1488      97.0588
      68.2801      81.7938
     116.4563     137.1133
     150.7087     100.7253
     124.2549     166.5333
     143.2500     103.8882
     163.9739     143.9420
     158.8845     117.0546
     154.4608     119.0191
     107.8818     127.2805
      79.3640      70.8427
     153.7247     114.7370
     141.8311      86.8938
     156.7943     123.5790
     106.7045     130.7553
     108.2486     153.2156
     148.2419     137.8135
     109.8948     119.1657
     135.3875      70.4875
     154.4431     115.7678
     146.4614      94.2062
     103.4519     175.8907
     101.8524     172.3763
      91.9426     131.1711
     135.4962      90.9334
     152.5328     106.4508
     157.2683     123.5972
     160.2862     119.1003
     158.6960     118.7723
     148.7554     128.4963
      68.8269      89.2066
     149.4275      98.6328
     146.9292     108.7014
      92.3057     163.7683
     142.6608     164.3978
      94.7339     162.6145
      86.8861     112.9725
     116.7836     165.1126
     148.0477     113.9607
      48.7266      49.2454
     134.2572     146.7226
     132.0835     172.0140
     112.4676     167.0987
     152.6578     137.4866
     154.0192     129.7429
     135.5197     174.9402
     130.3932      83.5003
     145.3170     101.3373
     139.2148      92.7195
     124.7451      54.5838
     159.1968     102.2907
      99.1806     124.8588
      99.9083     143.5251
     152.0780     108.7548
     106.7351     106.4259
     131.5250     178.9118
     141.4386     117.7489
     147.3957     114.2098
     141.2477      90.0937
     138.2987     169.4158
     148.0093      94.7048
     128.9740      68.5987
     146.8427     113.0832
     114.7595     195.1739
     159.7992     126.1683
     129.6789     147.5350
     136.2637      99.6898
     111.5384     157.1540
     139.1127      89.9844
     118.1008     120.3287
     103.5746     146.8046
     161.6742     121.5077
      67.7493      74.2241
      76.8667      50.4859
     128.3034      74.9356
     147.8226     107.6932
     154.4934     100.2343
      87.3442     162.1488
      91.7929      97.4614
     162.5433     133.0714
      87.0852     139.3385
     129.0597      80.7469
     151.1251     119.2564
     155.1406     114.7132
     163.4247     143.8534
     139.0603     195.3859
     134.1170      76.5557
     164.6102     135.6344
     112.9465     137.1726
     135.1667      89.6779
     162.0421     131.6859
     152.8596     124.3704
     148.7898     119.8661
     151.8178     123.4640
     152.2598     114.3817
     134.5192      94.8088
      96.5619      72.3670
     136.5921      64.1637
      89.7955     121.8570
     153.6287     119.1209
     158.2694     121.4923
      95.3891      85.2217
      93.7646     149.2322
     147.7256      86.2361
     171.5978     161.3434
      87.3552      99.4989
     146.0458      93.3004
      88.6476     136.5733
     159.2054     133.8762
      92.7383     134.9179
     144.7074     108.4356
     113.0250     149.6966
     140.5028      85.9219
     142.0349     106.8163
     121.9210     160.3501
      84.2493     101.7725
     152.1738     118.6030
     108.8107     163.8947
      92.9068     110.0657
     108.2285     139.9608
     152.0946      97.6498
      78.1241      57.1261
     122.1816     169.7390
     147.2893     229.1910
     148.4751      97.3608
     162.1043     114.0870
     141.9137     101.3647
      91.7098     100.5137
     153.8807     121.5383
      52.0576      37.0412
     140.7628      87.9741
     145.5992      96.5736
     148.5994     120.1745
     159.1222     124.7739
     148.3041     105.2562
     160.0378     131.5319
     139.1095     210.2722
     119.1935     139.9534
     126.2920     202.5188
     166.2747     124.7176
     138.0203      79.1362
     104.5334     179.1526
     110.2302     133.6179
     171.4455     139.3894
     136.0900     152.2762
     168.3017     120.5623
     155.9807     141.2283
     167.6047     151.0825
     149.1878     144.3183
     156.3058     100.1863
     154.5986     106.2321
     157.1754     133.5921
     158.3203     138.5008
     100.6423     116.8347
     169.6539     145.1656
     160.1060     129.8890
      93.6840     108.9383
     146.8295     116.1519
     118.4785     135.2436
     146.3951     111.9933
     154.8051     119.4771
     113.9712     170.4343
     151.6637     102.1020
     135.1071     167.8804
     143.2910     102.3503
      96.7454     164.1713
     126.2636     158.1796
     109.5705     134.7309
     148.7887      99.8525
     154.7984     118.4747
     110.5151     163.7970
     153.7892     111.7665
     130.3543      85.2514
     165.7616     122.5255
      95.4119     119.9207
     150.1604     101.7706
     148.2423     107.0619
     102.3059     128.6177
      95.2857     149.2802
     161.2096     144.6894
     148.7202     106.3279
     146.8954     126.9770
     111.2094     139.8275
     138.7609     104.2709
     154.2173     107.2212
     149.9712     107.1659
     161.9401     119.6175
     148.0895      85.4444
     110.8887     151.5368
     136.7206     102.7561
     136.8071      89.5510
     153.6053     115.4282
     148.1105      99.5022
     144.7820      79.8831
     108.2725     140.8925
     112.1009     199.1765
     145.8171     101.1766
     157.8470     127.1828
     102.1676     120.6751
     111.0120     147.7784
     133.1979      87.1137
      70.5390      62.3830
     103.3214     101.9064
     139.3896     104.8317
     149.2789      96.4976
      65.1391      36.7963
     147.2847      89.1626
     167.8594     120.6573
      69.3123      50.6687
     137.7108      83.0489
     100.6207     117.0857
     124.6724     115.4948
      93.8055     112.2633
     131.7269     212.8902
     156.8405     120.5976
     163.8912     145.4372
     154.2364     119.2684
     115.9878     157.9966
      73.2775     132.0940
      99.9874     132.7949
     145.6410     104.4834
     156.1840     115.6175
     157.2716     124.0924
      98.5213     130.3785
     149.1895     123.9056
     149.7674     126.5785
     170.4651     153.1053
     119.9627     145.3375
     115.3394     177.4106
     150.8097     113.4439
     108.8667     126.3879
     167.2208     112.6051
     152.3548     104.3611
     106.4955      91.3352
      80.5407      86.5410
     111.2820     154.7501
     119.0737     159.7072
      79.2508     106.3003
     154.6480     116.6826
     114.9071     156.4262
     134.3635      54.8936
     155.4004     118.4392
     169.6377     170.2124
     176.2086     155.0315
      68.2443     110.7846
     164.1172     151.5918
     108.4288     196.4526
     151.1814     116.0385
      99.2552     132.2311
     149.0986     115.4312
     128.6137     184.8264
     146.2765      93.7905
     152.5370     101.5204
     153.3268     117.5822
     154.1888     118.6752
     125.5218     190.5258
     137.8268      72.9454
      70.6612     101.3367
     146.6890     107.2321
     101.2842     149.3342
     105.1073     101.7839
      99.4632     121.7178
     141.3425     103.1661
     112.4976     104.6661
      77.3912      82.3141
      94.1437     138.1659
     173.0875     117.4525
     139.5390      85.5835
     129.3936     227.3136
     140.6760      78.4686
      93.8180     107.6976
      76.2991      72.8044
      90.6580     137.9361
     143.9660      97.3538
     134.0934      82.4295
     140.2509      85.4612
     142.8415     117.5122
     130.8400     202.7288
     162.0575     119.1435
     110.9051     129.2842
     128.2742      81.7343
     119.1385      78.6836
     150.9486      99.0890
     158.0018     126.0776
      90.5914     115.9062
     157.1863      98.3657
     109.4067     113.8844
     113.0842     189.1032
     146.4046     121.4760
     154.5829     114.2799
      50.8364      70.9617
      59.9650      57.9800
     157.9091     110.8518
     152.6159     112.4120
     104.5661     125.0632
     152.7901      88.1768
     125.0311     154.2228
     114.2163     128.9547
      92.7463     151.2306
     113.7056     191.7611
     133.5749      72.2627
     108.4895     156.4629
     109.3145     153.1903
     166.5173     134.8063
      97.4605     139.8005
     153.6243     124.6456
      91.9478     127.3253
      94.8120     122.2186
     153.2514     102.4433
     157.2296     102.4585
     148.5308     103.1613
      92.4072      71.0422
     146.0326     107.1369
      87.3815      83.9678
     163.8434     132.7847
      76.0542     141.4673
     113.1676     115.0994
     113.4229     147.0193
     158.4118     112.9045
     152.1923     114.5250
     127.5540     144.2658
     119.2698     118.4433
      94.5937      86.8407
     152.2306     135.8629
      87.5142     143.2529
     168.0041     150.3429
     164.2321     129.8815
     148.0326     116.1508
      91.3792     108.6486
     151.7127     126.5986
     147.9615     121.3671
     146.2566     101.6190
     164.6001     145.6824
     117.1111     123.3890
     160.3134     144.3968
     171.8239     143.4379
     156.8577     115.7154
     150.7968     122.4667
     113.8026     146.4919
     155.4724     105.8047
     162.1875     147.6692
      90.1565     132.7052
     129.3101     181.1675
     155.2481     126.8861
     114.9195     182.3544
     100.4127     113.7256
     161.3704     147.1885
     140.3571      78.8147
     104.5227     136.1188
     160.0820     131.8967
     135.5869      78.7240
     115.2496     189.7808
     141.1946     105.4219
     133.6304     177.6152
     146.4255     110.9347
     149.8739     111.1635
     164.7169     148.0556
     116.9396     146.2895
     118.8937     149.9738
      87.8550     108.4755
     136.6597      67.3937
      49.0208      50.9628
      79.0748     132.5326
      88.7916     165.2914
     113.4446     117.5880
      96.0417     168.4625
      85.3203      65.0303
     155.3387     110.6501
     143.0309     110.8157
     102.7351     117.8945
     101.7958      76.5536
     138.5574     106.8923
     153.3930     115.6794
     106.4486     168.8120
     101.2099     157.6927
     142.8542      97.9355
     116.3296     128.5841
     146.9521      88.8376
     132.9155      90.3912
      88.9407     100.0912
     128.7977      82.5384
     165.9726     152.2479
     107.1386     104.7285
      96.3931     113.4290
      89.0085     121.2401
      92.1326     125.6025
      70.0294      89.3998
     131.1932      68.1957
     152.9308     111.5551
      99.3244     122.9882
     101.0680     119.0444
     101.3718     134.0683
      58.2973      70.2424
     108.5003     159.1358
      92.1935      96.6626
     147.6848     107.6367
     139.8775      83.3450
     171.8134     140.0576
     143.2640      89.3387
      92.3733     131.6408
     153.3117     133.8530
     141.9814      85.5799
      87.0960     107.0688
     110.3520     154.6837
     148.1782     118.1439
     162.9687     150.0204
     171.2811     129.7656
     111.2806     151.6180
      75.3633     137.8934
     163.8018     131.8231
     125.5767     163.3947
      92.0477     120.1393
     107.4002     181.2056
     104.6622     134.0943
     155.4246     129.8532
      95.9591     139.3983
     132.0265      95.2085
      83.8019      95.1887
      39.2817      24.7301
     149.9248     132.0100
     138.1119      92.1154
     101.5146     115.6612
     116.6803     150.1803
     159.2427     133.6914
      80.7727      98.8694
     150.7057      82.8093
     153.8984     136.1136
     136.3504      90.2210
     142.9613     108.0328
     152.6565     110.2955
      95.2650      83.3063
     165.6731     135.8542
      91.2663     139.0176
     162.4990     118.7195
     118.8323     153.9168
     149.5919     102.2450
     116.2616     161.9721
     149.2716     100.8431
     153.5562     102.5698
      78.9027     109.3354
     153.1800      98.1910
     102.2016     114.4864
     112.5709     147.5691
     155.5545     113.7589
     102.1268     145.4256
     136.2539     206.9528
     151.6412      97.6057
      94.7755      79.4003
     165.7161     125.1260
     153.2455     119.0239
     140.3875     170.1440
     142.1032      86.1021
     140.8913      83.7726
     152.1389     120.8166
      62.2248      75.8225
      68.1364      66.7777
     116.5429     123.0145